152
129
133
110
120
102
117
112
122
129
141
164
158
161
151
141
131
161
132
132
130
119
109
124
129
145
119
149
157
153
150
143
148
144
137
135
128
111
112
119
130
126
142
125
148
145
165
139
135
133
146
134
132
127
115
111
115
124
131
139
133
147
150
157
133
150
137
145
131
128
114
114
103
125
127
140
134
141
148
147
144
130
142
140
145
127
129
115
117
106
121
120
133
134
152
150
158
140
140
140
146
147
140
122
115
113
109
131
132
146
140
153
144
151
129
146
137
148
134
126
114
117
115
122
129
141
144
139
163
160
159
146
152
148
157
139
148
126
132
113
126
134
144
141
157
171
160
144
142
146
146
135
129
126
117
126
117
127
123
133
123
146
152
157
137
145
138
142
137
139
122
115
110
116
118
125
123
146
171
149
135
146
155
140
152
133
135
113
116
104
122
125
144
133
148
153
156
149
145
148
142
134
130
122
108
113
115
131
133
147
137
155
158
159
136
134
131
146
143
134
114
114
110
125
129
144
144
143
152
163
157
143
151
143
143
122
119
112
121
98
120
122
134
131
148
152
152
135
134
143
145
133
131
122
110
105
108
135
139
147
137
159
158
158
140
140
137
157
134
129
120
103
101
121
120
122
124
134
144
140
141
135
141
140
144
127
138
116
119
113
134
127
138
145
151
150
155
138
148
142
144
141
128
128
114
116
111
132
127
139
134
155
152
158
138
147
141
141
133
136
118
111
108
122
133
139
149
146
152
141
150
129
150
145
141
129
129
106
118
109
128
133
146
142
148
153
153
147
147
151
145
145
122
129
125
116
114
129
122
146
138
157
149
160
137
150
152
151
146
135
126
119
121
121
133
124
131
138
173
162
156
150
158
144
149
129
121
97
119
129
129
126
133
131
138
150
146
146
137
144
134
139
124
123
103
113
114
124
120
130
120
147
148
148
130
141
144
143
125
114
107
98
104
115
121
123
141
144
174
159
160
137
134
126
145
129
125
102
97
103
114
127
135
137
149
153
142
142
152
158
162
149
129
125
118
122
116
132
131
147
139
165
156
162
136
140
142
153
162
160
135
124
126
129
129
134
140
139
161
148
141
131
144
140
148
127
127
103
104
106
122
118
131
135
146
150
149
140
133
139
146
150
146
137
115
116
111
127
128
142
135
156
155
158
131
142
142
144
128
131
121
120
118
118
126
116
133
140
169
169
167
148
162
151
158
130
128
119
124
118
135
134
136
133
140
155
156
150
135
148
151
135
115
141
103
114
109
120
133
147
140
152
143
146
128
139
145
137
135
124
108
97
111
115
131
117
127
133
148
143
155
134
144
139
144
132
136
125
115
112
121
121
135
140
137
156
146
145
135
153
141
145
121
128
102
121
130
152
129
140
149
169
174
159
145
126
161
159
143
133
128
104
117
115
146
145
150
133
151
143
143
140
143
141
137
129
117
108
109
110
118
140
139
148
131
158
149
156
145
150
129
142
138
124
112
121
118
129
130
138
141
153
160
148
144
138
151
144
141
128
125
107
121
121
124
127
150
152
168
163
164
153
149
129
136
129
131
118
111
118
115
130
120
119
125
164
165
152
146
158
133
148
137
125
96
102
103
119
135
145
144
149
156
155
142
144
141
137
142
125
116
105
115
119
135
123
135
127
152
149
155
138
139
132
132
147
151
124
110
110
113
120
131
130
131
144
139
153
122
132
129
142
134
150
121
119
111
121
139
139
141
156
161
160
133
133
150
143
139
121
116
97
111
116
131
123
130
134
166
149
151
147
147
141
147
141
141
127
122
117
121
135
140
140
131
164
171
190
155
147
141
149
132
138
108
113
114
126
129
135
149
157
158
146
140
129
145
134
135
118
116
107
122
113
137
145
138
142
161
147
148
133
140
134
145
145
135
117
101
112
110
122
125
142
140
161
146
150
124
134
140
142
125
126
113
114
117
124
131
142
144
149
163
149
152
149
158
142
148
127
121
96
108
115
153
144
133
130
145
145
140
136
137
146
149
146
126
122
117
129
122
138
132
152
149
163
150
151
142
150
139
126
119
145
134
116
125
126
148
151
153
148
162
134
131
122
135
133
143
131
121
107
112
108
123
126
140
140
153
150
138
131
134
145
141
138
125
117
108
115
112
135
133
142
138
156
140
133
124
134
134
135
131
125
111
110
108
121
131
141
150
152
150
138
158
168
161
143
144
124
119
111
130
128
136
138
139
135
163
157
152
149
149
139
133
135
131
135
121
128
136
140
124
134
140
157
144
138
135
151
144
145
117
122
107
117
121
137
145
143
143
158
166
142
133
127
134
128
137
138
130
118
128
118
131
121
137
133
151
147
150
144
144
134
127
137
144
120
114
127
111
132
127
141
141
165
145
138
129
136
130
136
126
122
107
112
112
121
134
133
127
140
168
152
131
124
161
142
148
133
124
106
120
122
143
145
149
142
148
152
148
142
140
144
139
134
116
124
112
124
120
138
139
147
134
151
135
142
147
163
142
128
124
113
110
107
126
131
138
134
134
141
152
135
145
134
149
139
143
131
122
107
118
121
130
131
142
152
150
158
150
157
147
153
128
135
131
128
119
120
118
127
127
141
139
156
141
155
140
141
141
134
140
125
102
87
124
130
144
140
144
147
160
142
151
145
149
140
138
119
127
122
118
115
129
139
131
133
161
171
150
145
137
148
142
148
129
124
117
124
126
142
130
137
133
150
144
137
136
141
132
133
135
129
118
103
111
112
122
126
145
149
163
151
153
147
158
148
152
133
129
115
122
124
123
129
125
133
147
155
142
139
138
149
150
161
141
125
108
114
118
134
129
142
143
156
145
147
135
140
142
145
129
120
123
117
125
136
128
135
143
152
170
151
163
152
157
142
134
111
116
102
114
113
121
134
141
140
153
142
133
153
150
141
145
137
113
108
107
119
125
144
125
140
137
159
135
134
126
131
142
155
138
118
122
111
106
106
131
144
141
144
165
150
147
135
152
135
146
126
134
113
124
129
129
140
129
137
153
156
140
145
133
153
140
134
121
116
106
119
113
132
133
138
138
157
146
133
131
141
132
121
131
126
137
120
121
129
140
133
145
144
159
147
147
139
148
137
148
121
116
121
125
135
127
145
139
148
147
158
139
151
137
140
139
139
125
121
115
131
134
148
138
140
142
143
141
145
155
150
152
134
140
114
121
116
130
116
132
124
144
150
153
144
139
146
146
139
143
141
119
112
111
129
137
151
134
156
155
158
135
140
135
145
139
137
120
111
110
122
125
131
135
131
143
153
153
147
157
137
134
135
144
125
115
107
122
121
135
134
142
144
160
147
145
142
144
133
129
124
113
100
109
117
124
129
123
137
138
155
140
147
141
147
128
133
125
117
108
120
123
130
131
139
140
152
163
153
144
142
135
133
128
119
135
126
128
125
140
131
153
155
162
144
144
135
149
144
143
127
114
109
114
122
122
138
132
146
149
160
144
152
149
152
147
148
129
124
113
121
116
133
124
133
143
163
151
140
141
141
147
137
138
114
119
110
131
127
138
138
156
152
161
142
144
144
157
156
139
126
111
102
99
117
123
146
142
158
143
153
136
145
135
144
129
129
106
99
100
121
164
155
125
122
153
167
170
142
148
141
142
127
127
115
118
109
137
130
140
117
101
85
90
119
169
193
167
177
155
145
125
100
57
45
5
-14
-112
-399
-602
-375
-91
326
602
563
398
297
354
335
374
390
359
266
261
220
218
219
218
217
203
169
124
37
-206
-490
-516
-423
-177
67
84
-3
71
179
180
145
-178
-429
-363
-105
124
407
677
881
1040
1140
946
671
543
401
374
303
200
-58
-38
264
309
46
-346
-205
295
545
528
7
-89
120
271
289
-214
-1322
-2927
-3430
-2059
210
2165
2117
1072
1051
1128
1465
1435
851
714
492
470
309
318
199
175
131
152
209
102
-61
-153
-139
-215
-167
-85
276
351
45
-220
-282
-556
-1469
-1958
-1192
137
1417
1821
1628
909
322
185
140
173
-22
-183
-1306
-3123
-3754
-1687
1562
3524
2843
1126
-99
146
816
1079
913
-53
-792
-472
-495
-1299
-899
-1464
-1446
78
2058
3041
1602
1112
979
1323
1049
448
-86
-1146
-571
751
1278
717
383
483
184
38
6
81
32
-87
44
57
-115
-309
-443
-569
-300
-248
-782
-572
435
425
-109
22
725
828
474
406
164
6
-200
93
288
303
160
78
78
51
70
-26
-122
-272
-304
-248
7
212
145
-236
-341
261
606
347
333
157
118
-91
-997
-1893
-1187
857
1075
-587
-1386
-218
1468
2072
1595
1148
1176
525
220
49
-755
-959
-503
393
751
990
1063
573
56
-12
145
275
-808
-2736
-2473
567
2459
2326
1383
498
84
-681
-1192
-947
-788
94
1676
1963
1530
688
156
-640
-1743
-3290
-2375
2072
3889
2296
557
253
251
127
-125
-564
-215
427
879
544
317
107
-429
-1047
-1034
-214
-129
-1119
-855
1079
1440
498
-36
108
677
1485
1302
573
211
120
50
-240
-460
-681
-1438
-1990
415
2435
1855
729
14
-659
-1315
-171
497
-86
-316
-98
598
979
-24
-775
-448
434
1167
705
-57
42
106
203
497
401
-294
-683
197
876
707
186
-488
-788
-254
275
-64
-491
-416
-643
-1182
103
2340
2275
578
-1117
-639
754
946
1079
331
-1390
-2845
-808
2049
2419
861
16
-28
-1194
-895
509
1922
2004
1353
268
233
159
63
98
-51
-282
-1019
-811
401
1004
3
-477
-266
588
404
-669
-392
880
766
-437
-994
-823
62
190
-31
52
267
256
381
801
686
671
462
314
381
232
188
84
3
-134
-276
-754
-1306
-2106
-3332
-2575
1115
3751
3168
2243
1628
767
424
188
-162
-251
236
-34
-1031
-91
1424
887
35
-239
-158
347
460
247
17
-196
-466
-1281
-1533
177
1064
883
512
-162
-73
808
628
-517
-2132
-3527
-1345
2847
3499
2222
1205
494
304
109
112
46
45
-237
-1954
-3535
-1730
468
1554
2148
1943
1390
940
1105
686
340
178
53
84
45
2
-328
-1015
-842
461
879
648
243
52
-89
-724
-586
-102
206
594
606
-145
-775
-1090
65
1139
622
-157
-910
-1095
30
1368
1205
407
-264
-428
-1066
-361
1379
1498
872
-1404
-4000
-3332
2396
4000
3799
1554
483
-111
351
301
500
417
51
-652
-443
-336
362
1140
285
-182
167
590
293
0
-377
-833
-1263
-1791
427
2179
789
23
-640
-633
99
932
1105
520
-509
-1711
-1307
-465
328
1417
2303
1270
378
257
17
-2
-587
-1345
-965
720
1203
791
294
-1306
-4000
-4000
225
4000
3988
2389
1521
491
374
149
349
195
-117
-278
-318
-48
-116
-219
-118
-220
-217
532
1042
655
208
26
-64
50
65
-134
-363
-571
-833
-1095
-2410
-3759
-788
3978
3921
1757
626
108
-32
-1034
-2556
-1062
1777
1661
828
880
801
432
305
137
-78
-252
-393
-587
-394
49
61
-69
-89
622
498
-224
-984
-1657
-309
415
65
790
1367
1140
522
-292
-784
-1018
388
1660
422
-997
-98
492
398
1316
685
-249
-41
-60
-804
-1224
307
1660
1203
686
407
242
-417
-1354
-1006
720
1159
-316
-1295
-190
383
796
1782
1011
141
271
482
164
-194
-951
-2888
-3171
968
2908
1243
133
-1133
-1354
867
2247
891
-594
-126
791
151
-489
-399
-55
-225
478
2119
816
-91
1368
1424
686
250
161
66
40
15
3
-3
-41
-61
-87
-76
-50
-2
-27
-62
-212
-695
-1484
-1978
-469
1529
652
-1056
-835
993
765
-1011
-1015
-85
1862
3039
1995
475
-675
-1047
-507
126
471
536
354
644
1205
398
-1192
-1825
-528
1518
2519
1554
61
362
358
-4
293
107
91
12
-46
-147
-477
-1268
-2987
-2750
1404
3401
1660
777
275
-110
-986
-1168
-1049
-337
247
-1409
-1533
597
2778
2601
664
644
465
-609
565
1876
881
353
-146
-1001
-2083
-1844
720
2303
2018
1295
221
78
-53
-474
-1155
-714
1189
843
-98
-586
-1386
-1712
-1253
207
2194
2397
1075
461
103
74
113
-22
-133
-167
-1047
-2543
-985
1958
1919
494
-212
335
850
-270
-649
420
1239
412
79
291
-1
142
274
227
-61
-681
-2400
-3341
-1224
1538
1725
1502
2060
1437
784
519
274
11
-263
-39
-242
-143
478
-134
-2263
-3194
1134
4000
1889
532
-285
-82
423
439
343
-658
-2524
-2059
2179
2976
881
352
15
-3
-405
-1712
-3041
-1065
2714
2757
812
72
199
86
-305
49
108
-584
-346
1019
1109
575
-746
-1464
-1354
-883
635
713
996
859
1205
1370
598
199
-610
-1531
-2083
-715
1760
2003
-460
-1548
-7
698
324
1509
1984
1063
73
-824
-697
521
734
314
520
-195
-185
244
-213
-632
-134
911
607
-166
-891
-748
208
573
-113
509
940
630
475
-148
-475
-425
161
504
746
-1229
-4000
-3608
75
1958
3103
3041
1628
1013
152
-480
-748
-226
412
664
-157
-552
419
1379
533
-641
-227
936
979
-292
-664
221
727
414
-7
58
-219
-728
-1736
-2418
-1122
1444
2447
1518
29
-1513
-581
1072
1009
951
990
-695
-522
1203
1109
406
-442
-31
681
469
378
-152
-492
-994
-895
178
867
661
129
-416
470
1046
362
293
109
49
-930
-2442
-2165
149
1339
1695
720
-675
-242
1435
1417
-239
-120
1032
1320
499
-85
-197
92
407
70
-98
163
-222
-584
-2005
-3486
-668
2778
2642
765
-1194
-1422
-342
1335
1963
1456
483
-436
-279
351
1104
872
-375
-2051
-1501
850
1796
1660
1200
618
232
188
239
43
-198
-163
-64
-309
-606
-363
-74
-1451
-3463
-1484
2287
3427
1896
46
-492
-867
-830
-1386
-123
2908
2502
867
677
422
203
51
112
62
-74
-273
-556
-771
-2124
-2051
1489
3103
1353
-162
-922
-388
814
1043
549
60
-704
-1354
-1166
-99
1417
1757
935
-232
-1825
-2278
-1798
-1094
1321
3589
3008
1140
-15
-1743
-2767
-1479
504
2552
2817
1694
879
60
-236
-58
414
431
-55
-436
-218
404
320
119
73
75
-292
-284
-143
10
-816
-1743
-93
1790
727
-1954
-3770
-2785
-389
2049
3991
2908
-20
-443
1599
915
76
751
247
-134
135
1259
1464
495
106
97
-52
-49
-483
-871
-685
104
500
497
547
103
5
-169
-65
-6
-653
-2132
-3285
-875
2761
3038
1618
641
-101
-41
331
347
236
-291
-1909
-2468
-489
1482
1570
751
-373
-2959
-2124
2454
3321
1887
599
-330
-78
1140
690
-208
587
590
211
-74
16
32
-91
-355
-424
-227
-723
-1339
-1050
368
1529
1242
512
217
47
221
769
801
155
-1743
-4000
-795
4000
2854
374
-336
197
864
661
557
-4
-1146
-3641
-4000
2
3792
3345
1919
1011
697
279
56
26
-188
52
296
225
-260
-450
-501
244
261
41
-574
-1179
-1407
-833
1259
2510
1140
403
258
5
177
-32
101
-56
28
-91
-125
-274
21
-505
-2278
-3401
-2208
1334
1809
-374
301
3150
2657
-52
-1345
-1812
-503
1912
3103
2023
912
42
-429
71
449
-300
-144
508
498
378
25
-71
-125
-442
-353
409
332
59
-91
-157
0
-674
-1404
-1070
-1986
-3682
-820
3795
2778
1400
2438
1438
-327
-1851
-362
1588
1368
593
267
-766
-1743
73
1375
956
873
345
54
-198
-442
-1399
-583
1460
1112
486
-67
-711
-375
-320
-798
425
1628
677
-937
-1620
-389
619
881
1275
1064
396
-292
-2038
-3694
-2944
-835
2951
4000
3041
1064
485
-127
-1116
-1954
-400
1417
1554
469
313
816
755
225
44
34
-270
-1114
-1503
350
1590
668
113
-28
-473
-808
-899
-1550
-3203
-1484
2847
3848
2345
776
257
73
-167
-174
-917
-470
726
237
-616
-1224
-458
2519
2101
75
-664
-1224
-321
993
1424
593
-1101
-1415
508
1530
744
512
435
220
122
1
-5
-54
-920
-1418
-322
196
-382
310
1029
1139
742
487
706
-7
230
549
-223
-1386
-2073
-113
1963
1195
362
722
-347
-1873
-1615
751
2301
1302
-210
-1436
-613
1073
1444
1122
481
-148
-1117
-1970
-194
2519
1458
-204
-1316
-2278
-446
2114
1732
395
859
664
465
460
295
275
-225
-346
-329
121
84
-667
-1066
-788
32
1498
1192
685
-16
-503
-341
-863
-539
512
1972
1498
327
149
-92
-165
-663
-1689
-2314
-1663
657
2941
2493
-263
-1941
-292
2222
2247
974
423
345
26
-282
-1224
-2770
-1824
1923
2778
1485
771
246
64
-99
-44
-446
-1306
-1066
685
1388
1011
257
-266
-1004
-1439
-1166
-917
837
2276
1829
979
370
14
-775
-1406
152
1683
492
-1740
-3881
-2522
2696
4000
2474
686
515
68
141
88
43
-318
-285
-183
94
135
-56
300
-177
-453
-480
44
871
29
-2047
-2845
-1092
1500
2026
639
-46
-63
671
1595
1452
1007
410
222
-334
-776
-1851
-1953
761
2276
1037
-984
-1794
-640
974
2308
2437
1110
319
119
-178
-237
-131
-51
-383
-1444
-695
1195
1657
414
-718
51
889
577
149
128
99
-706
-2588
-2391
267
1602
1679
149
-319
1554
1289
248
-294
120
37
-1192
-866
1258
1749
803
170
-384
-706
-748
-283
-38
-404
-965
-81
984
1125
-756
-833
1855
1793
347
-824
-1095
-659
158
497
-1019
-516
1335
1219
1123
1712
1424
1140
563
141
-6
-80
427
51
-48
33
-2
-296
-305
-214
-895
-1830
-639
1564
1239
402
575
173
-594
-1728
-2083
-800
1109
1657
-2002
-3579
1454
4000
2908
1179
443
520
119
-62
110
9
-499
-508
-175
-198
290
370
42
76
608
747
381
162
56
-79
-640
-1172
-292
956
504
-620
-1484
-1313
578
1773
1400
789
359
459
314
230
210
-35
-1187
-3187
-2813
-739
720
2565
3168
1878
796
341
374
-1050
-1216
707
946
954
1239
378
-393
-1128
-615
923
1213
553
132
79
70
48
-408
-811
-651
-491
-563
-748
-258
713
946
1225
438
-619
-130
946
1011
-345
-134
786
331
-418
-1079
-994
-1015
-2182
-129
3952
3265
744
-55
-556
-1049
-33
1140
844
52
-294
180
420
383
727
517
541
-139
-1116
-1484
-1602
-185
1323
1464
968
460
952
907
277
131
-108
-294
-505
-360
-625
-545
189
29
-368
-443
1042
1797
-189
-2683
-2833
923
2101
1176
1424
946
-862
-1857
-760
903
1205
881
1551
1319
988
297
-69
-477
-647
26
560
101
-1177
-1954
-798
1919
2195
362
-862
-827
816
1140
114
-6
27
383
207
125
-309
-823
135
523
-127
-2148
-3822
-1873
2086
4000
2696
1140
416
83
85
-86
65
368
665
193
-7
-350
-678
-363
194
193
607
79
-1955
-2019
988
2179
552
-1354
-2768
-113
3055
2390
871
283
293
422
200
-11
225
362
236
80
44
14
-20
-91
-528
-740
-76
611
780
293
-92
-152
-547
-515
251
913
378
252
113
-91
33
61
-167
-1479
-2814
-1276
1572
1676
451
-1179
312
2973
1796
508
455
511
126
-449
188
761
478
276
185
162
72
64
43
25
-50
-227
-457
-917
-727
650
809
134
-244
-199
667
551
-210
-759
-305
460
-201
-1576
-1237
1203
1584
-365
76
2455
1278
-66
-51
147
519
26
-455
-460
280
936
1796
986
384
191
-120
-66
-464
-800
-1373
-1354
-269
850
62
555
993
483
86
-161
407
362
139
-93
851
853
-450
-1015
-2608
-1252
2956
2973
1464
686
204
229
-25
-232
-756
-565
258
850
528
245
129
-217
-507
-465
342
58
-1481
-808
1524
1270
656
140
81
64
-441
-706
-353
528
382
307
48
-681
-568
146
188
509
-483
-1613
751
2247
1068
-495
-2725
-3560
-1488
2308
4000
2973
1679
-5
-1249
-1079
1355
1922
851
513
230
166
-83
-152
-455
-520
120
634
326
-4
-183
-1019
-2008
-1031
1744
2146
651
247
85
-152
-1262
-2408
-1218
805
1177
538
672
1790
1332
720
516
-52
-218
-266
68
-706
-1440
-152
1518
1375
15
-1095
-429
937
-277
-1484
81
1679
606
-337
-443
-658
-120
1423
1323
123
183
278
497
685
325
-322
319
641
-255
-1224
-1306
-136
309
940
792
-1838
-3770
-290
4000
3038
1037
-2
-746
290
1135
297
-133
175
235
32
-746
-681
329
1244
573
54
387
373
-98
-342
-392
-45
27
-363
-897
-1673
-1269
726
2389
1987
769
221
-446
-1315
-756
10
-632
-898
1167
2725
1631
590
296
133
-535
-1015
-135
600
26
-382
557
517
148
-300
-2230
-2602
100
3266
2757
1140
370
-824
-1925
-1533
232
1551
2198
1498
431
79
95
140
244
-236
-586
-88
731
382
32
-335
-1054
-1479
-748
1075
907
-197
-337
-4
1372
1438
467
350
-71
-1079
-3166
-3300
555
3893
2372
267
401
-313
-2347
-2473
1071
2382
1940
1270
475
792
668
-350
-1316
313
1379
601
-167
-1062
-2124
-1290
1796
2438
1205
635
47
-586
-1732
-1160
625
1757
1343
391
240
69
27
-7
38
12
-14
-65
-74
-296
-1440
-2464
-1112
590
1297
928
-476
-249
499
859
-147
-581
522
1011
994
851
492
-158
24
850
565
-311
-1187
-619
1164
622
-750
-363
465
1005
420
-10
974
1482
875
367
179
87
35
-2
-97
-402
-391
35
85
-163
166
303
-180
-854
-1399
-2375
-2914
-1182
1258
2846
2913
1926
1144
598
115
-619
-1101
-441
-870
-1082
1424
2276
768
349
159
-377
-957
-615
1112
1855
1236
500
131
-147
-292
-45
-471
-2213
-2462
369
2111
1140
679
265
-800
295
1569
1075
333
-282
-311
-507
-2412
-4000
-774
4000
4000
1676
602
147
135
409
166
-45
-139
-400
-584
-450
-281
122
655
816
899
478
239
320
22
-136
94
24
-171
190
19
-610
-1346
-2100
-1748
-1840
-3757
-724
4000
4000
2769
150
-1177
-258
1255
1465
644
-334
349
1400
723
-167
-899
-739
454
1070
427
-143
-446
4
115
-950
-2495
-2115
811
2597
1654
309
-594
-236
672
828
755
376
-658
-2829
-3538
254
2247
1517
1509
665
284
223
234
720
954
427
359
-26
30
171
8
35
-82
-80
-635
-1484
-2619
-3591
-1573
3621
4000
1858
782
305
223
270
38
-294
-764
-433
118
72
-517
-706
-1861
-2662
1250
4000
2350
1460
590
163
243
-511
-875
-145
866
402
517
66
-532
-313
-586
-1212
-286
1372
1096
850
494
-41
-304
-71
329
163
232
127
-136
-258
-139
-162
-1798
-4000
-2643
3430
4000
2973
1676
1270
671
565
347
27
-1269
-1177
804
1123
-391
-235
482
731
824
578
192
256
125
-91
36
-141
-222
-610
-584
-27
-483
-1986
-904
1213
1164
597
474
317
-368
-437
179
751
717
61
83
223
37
-147
-523
-820
-743
-370
513
945
640
310
106
205
198
91
52
27
-142
-363
-371
-352
-811
-762
875
1453
242
-807
-1328
-286
1005
780
-248
389
1278
614
188
354
381
159
439
297
-29
230
352
224
0
-732
-1274
-894
-250
593
1372
1140
801
326
-311
-292
170
415
-156
-336
-300
-939
-2347
-1678
1694
3362
2160
1011
179
-1484
-3476
-2473
736
1821
1833
2597
2251
816
102
246
491
420
169
-402
-875
-44
813
412
23
-241
-1281
-3435
-2768
290
1379
2503
2409
557
-744
-681
169
-256
-450
477
2435
1922
470
481
213
338
-505
-2809
-3947
-294
3073
3103
1797
669
383
62
122
26
94
44
-7
-136
-122
-51
-41
-300
-1299
-1087
407
78
-1901
-2586
-1479
-81
1849
3103
2303
1533
1251
686
427
273
248
182
131
85
-21
-323
-1139
-1345
-552
379
937
-189
-1600
475
2307
226
-2085
-1824
-57
2179
2587
1335
642
224
262
138
121
-264
-1517
-3171
-2444
427
2018
2212
1588
660
102
504
761
-429
-1116
399
1871
1011
179
-532
-1133
-416
457
479
481
-150
-863
450
1290
547
-52
-565
-179
784
295
-501
-1232
-2667
-3290
-740
1328
2060
2714
1943
1871
881
642
288
-226
-80
-701
-1087
-1421
635
2247
1316
323
99
-89
3
190
-428
-1330
-1049
-18
391
-322
-1857
-1520
1140
2801
2114
1283
533
101
-507
-424
321
725
297
-823
-1436
-376
1112
717
-354
-1566
-2943
-4000
-899
4000
4000
2692
1176
823
994
253
404
133
-51
13
-603
-1122
218
1064
58
-707
-1127
128
528
-556
-1256
-1777
-1354
1450
2778
1631
871
333
2
-640
-1345
-1332
-15
1709
1760
-55
-2667
-3538
-887
2526
2650
1019
809
804
162
366
1072
836
446
108
-177
-149
-408
-470
97
630
226
-525
-1079
-519
597
721
743
309
-98
-182
-304
-532
-788
-745
-255
841
-24
-577
1071
1939
1205
561
272
-139
-473
-69
419
-354
-723
410
60
-1668
-598
683
-383
-888
874
1744
614
912
1270
753
407
251
-5
-520
-232
-158
-545
-78
686
300
-950
-659
644
863
1438
1072
20
36
-43
32
-237
-911
-412
1048
1070
504
287
151
132
7
13
-444
-1469
-2603
-1873
-258
227
1251
2072
1728
-200
-1087
1439
2042
1054
329
71
663
745
347
225
204
-44
-51
-82
10
-4
-88
-610
-1663
-1533
618
1728
1064
435
177
93
-369
-189
325
-65
-853
-1160
-148
946
985
739
188
198
192
384
713
207
-911
-1613
-204
737
399
923
1187
492
355
23
-258
-147
-53
-1056
-1909
-692
252
1401
2072
590
46
1115
988
461
221
183
-144
-1054
-1316
-37
287
-427
23
666
1068
1011
305
-1322
-1605
333
1753
1205
1056
720
374
89
-115
179
303
175
-110
-47
-888
-2132
-1184
1562
1422
431
512
-415
-1404
-714
490
-320
-1786
-1743
-746
1855
3986
2714
1313
660
339
337
164
110
-122
-125
248
362
85
18
-58
28
5
-56
-171
-393
-375
-296
-714
-1807
-1281
946
995
-636
658
2080
1390
734
260
271
103
114
103
-1
29
-43
-425
-985
-966
466
1390
345
-339
-313
109
115
434
608
-222
-1550
-1423
1290
2243
1140
205
-296
-294
-1047
-1523
-771
1378
2461
1554
908
426
-2
-1332
-2035
-495
2064
2243
720
494
115
140
37
72
-37
-635
-1061
-1030
-723
44
1002
-855
-1322
1177
2438
1505
332
7
-578
-458
509
1227
881
429
121
79
53
98
17
33
-4
-90
-282
-883
-1673
-1925
-1673
-148
1984
2175
2017
1160
242
166
-118
-519
-1354
-1703
66
2072
1678
1110
751
124
-302
-53
619
391
64
-326
-576
-173
240
466
-561
-2123
-788
1177
1059
619
880
875
492
217
54
-5
-176
-615
-551
130
555
543
350
78
-475
-235
590
874
575
256
158
99
62
-158
-891
-1050
374
1096
285
-442
-1253
-1958
-134
1042
-887
-664
2017
1588
449
1291
1072
1118
720
438
384
-174
-835
-1571
-1127
-384
181
1047
1821
1001
346
425
563
429
144
24
-48
131
66
133
16
-197
-698
-1647
-2785
-2059
1383
3300
2214
478
-232
-40
553
4
-1776
-4000
-3486
948
3629
3922
3330
1320
-609
-1138
-220
775
751
1554
1327
394
-182
-480
-65
-109
-29
42
247
102
214
6
-137
-481
-1050
-578
195
751
120
-615
74
-27
-740
-1605
-3842
-4000
235
4000
4000
2800
1530
845
1075
-457
-1192
254
1991
1489
373
-241
-950
-699
-355
333
850
731
224
156
-144
-609
-641
-594
-499
-145
460
602
162
-122
-771
-3212
-4000
-1249
3070
4000
2584
1131
61
-764
-2473
-4000
-1824
3795
4000
1343
28
449
1401
710
248
108
-8
-54
-124
-31
-74
-22
-166
-263
-455
-153
108
-87
-114
144
23
-72
-266
-745
-424
492
362
-334
-223
174
-99
-1456
-1224
883
1793
1070
271
-76
396
420
-609
-388
744
945
536
-355
-672
499
1001
-67
-572
108
-193
-614
475
63
-1743
-2478
499
3604
2811
1400
361
305
253
299
245
-166
-830
-823
43
-775
-587
1184
1109
313
-352
-875
160
889
1005
663
16
-640
-458
594
358
-228
-211
439
606
342
2
-1229
-2263
-1813
-662
-800
-118
2133
3637
3008
1858
931
477
417
98
251
3
47
-80
-35
-146
-330
-443
-151
233
-62
-933
-2752
-2570
925
2244
1396
1440
771
335
105
171
198
49
-263
-698
-326
622
939
342
-354
-986
-664
611
1255
578
18
-917
-1825
-965
-352
-1257
-20
2049
2454
2247
454
-106
658
751
387
-352
-825
-706
-286
-480
-684
-965
-602
1168
2357
1919
907
452
147
344
172
-166
-86
62
-161
74
494
45
-641
-1613
-2308
-2294
358
3427
2631
1116
478
242
208
35
-112
-68
12
-8
253
244
58
90
-71
-610
-2154
-3754
-2329
1368
2680
809
877
1939
1777
1644
667
565
500
180
118
73
287
18
-109
-59
-220
-1144
-1464
-223
872
880
310
-135
-1605
-3486
-2022
2463
4000
1728
-408
-811
-586
41
1225
1595
883
870
-204
-1646
-2608
-3451
-466
3369
3778
2406
971
484
324
179
207
121
91
-47
-74
-61
-114
-108
-106
-205
-480
-342
94
115
152
61
-126
91
50
-72
-464
-919
-564
404
1134
766
180
-433
-1592
-2342
-3258
-3875
-930
4000
4000
1140
352
2390
3106
1595
859
573
445
-32
-556
-632
-350
265
796
1074
297
-533
-1399
-1406
103
614
-329
-115
1219
1171
426
-174
-798
-328
744
850
416
130
-38
-170
-1011
-3192
-4000
-1691
3124
4000
2366
932
288
246
565
356
-37
-1316
-1566
609
1878
801
229
80
48
12
11
-2
-28
-99
-290
-330
-189
-453
-1518
-2246
-712
1922
2303
984
-232
13
710
552
309
236
-315
-1159
-586
1075
1665
850
167
-109
53
56
235
487
204
95
-478
-1095
-528
445
-307
-667
967
1172
400
13
-816
-1600
-157
1628
700
245
1148
411
-1208
-1339
-2379
-2198
2379
4000
2397
881
504
82
-357
-375
347
536
213
256
185
16
-448
-619
-475
307
889
223
-1025
-1224
423
1694
861
359
127
-294
-891
-917
276
986
581
-667
-891
593
1329
807
504
482
213
-27
-970
-3819
-4000
406
4000
3621
82
173
2042
2503
859
374
357
-116
-131
-393
-985
-1574
17
1140
461
439
803
569
-130
-552
-22
-129
-1358
-867
876
1375
285
-765
-1066
-26
1637
1400
544
11
-503
-1306
-1151
343
889
1011
608
61
-102
-158
21
-5
-363
-530
151
479
-226
-418
65
-698
-708
118
57
619
46
-1386
-947
671
1679
1660
891
443
216
186
133
68
-2
-286
-993
-1854
-1060
1011
1104
209
680
935
1019
420
229
91
-371
-471
-37
-245
-379
784
710
-198
-744
-441
656
1109
685
523
393
527
433
104
157
20
-232
-1404
-3542
-4000
72
3557
2132
1011
1554
988
1121
979
57
-444
81
1239
1237
635
249
49
-43
-18
138
23
-429
-695
-424
242
-220
-1484
-1376
661
1821
912
-503
-586
593
919
96
-108
590
492
-122
-855
-1236
-541
1144
1926
1063
146
-11
-375
-454
-157
-776
-639
412
1242
1203
486
177
152
23
72
-12
-125
-41
-65
-724
-1600
-1281
-129
53
877
1424
-250
-1817
-1484
889
2649
2065
192
-224
590
1243
1239
742
324
120
195
15
-292
-865
-1047
-336
-190
-289
416
538
1011
1056
123
-394
108
-776
-1873
-143
1725
2195
1239
343
286
-66
-594
-2036
-3430
-1786
2277
3121
236
-528
1310
2070
1128
538
224
193
118
67
-56
-49
37
2
-83
-271
-69
-8
-166
-32
0
-263
-1047
-1602
-15
1633
1335
449
120
191
287
287
217
95
48
79
88
98
-50
-179
-572
-920
-247
644
557
-159
-437
119
720
1084
649
-564
-1581
-711
494
1328
1465
331
-410
15
-1448
-2478
1011
3438
2584
880
387
216
-448
-1001
-520
394
751
996
545
76
26
342
203
409
41
-930
-1436
-1830
-899
1072
2244
1570
661
277
-274
-898
-1253
-289
1181
1440
920
369
-152
-568
-899
-91
980
702
-7
-404
20
547
132
-111
12
-68
474
490
-261
-760
5
755
36
-2008
-2793
389
2018
508
252
1364
1562
867
686
499
223
324
-6
-1504
-3461
-1800
2190
2811
1460
739
528
373
166
86
93
39
45
-334
-620
99
100
-912
-177
1125
863
326
345
177
23
-41
-254
-325
-208
-118
275
374
-15
-44
55
560
469
164
54
-396
-1224
-2279
-1469
561
803
870
1760
1201
557
867
881
609
616
541
261
175
-402
-1647
-1986
-325
1631
1912
979
69
-1177
-1459
-917
-320
784
1826
2279
904
368
304
-179
-262
-466
-680
-1192
-311
1368
939
-798
-116
1392
1071
432
215
168
97
-41
-609
-2294
-3900
-2229
2435
4000
2175
720
559
383
457
143
97
-292
-313
129
237
-437
-1188
-291
904
412
-706
-1179
-1327
-648
1147
2308
1918
779
377
325
201
165
24
23
-79
-309
-517
146
-96
-1053
-1340
-1689
-1278
867
2332
1725
1063
1011
913
230
-542
-1354
-1038
38
974
1482
1037
547
-1177
-4000
-4000
1161
4000
4000
2164
1343
616
395
354
197
209
70
110
-167
-369
-459
51
-10
-430
-512
-1371
-3591
-2704
2390
3864
1757
807
452
178
57
50
83
-11
-28
-83
-131
-134
-50
-159
-528
-837
-965
-1276
-2083
-1484
1725
3211
2050
697
393
290
123
196
-28
-536
-1438
-1112
306
474
-1419
-217
1124
262
929
1147
940
-876
-1743
-584
1521
1842
677
690
751
487
260
159
22
20
-184
-355
-917
-1697
-2213
-968
1400
2058
1319
907
572
389
227
-188
-58
327
149
-232
-313
-64
302
1
-142
-1519
-2181
652
1919
-1323
-4000
-929
4000
4000
2438
1147
721
547
326
233
144
-80
-464
-706
-345
-783
-1015
374
1333
1064
686
252
62
-256
-576
-106
478
69
-243
-161
-48
422
-256
-1536
-1663
75
1343
1148
378
-218
443
888
486
223
-216
-402
653
904
420
-67
-1047
-2379
-951
1645
460
-811
816
1242
-1306
-1880
1011
2002
751
-232
-1581
-125
2519
2026
816
908
622
349
127
-56
-344
-585
52
45
-574
-136
362
-156
-534
315
1189
527
-491
-2314
-3041
-363
2714
2927
1644
565
254
256
190
253
134
131
21
-19
-174
-127
-62
8
181
26
-418
-1909
-3689
-1877
1760
1578
-27
-1165
-730
2746
4000
2103
648
382
284
491
224
114
-143
-437
-891
-193
881
90
-992
-1006
-104
1201
1239
439
108
-230
-241
-240
-69
-216
-569
-117
816
812
355
-225
-788
-355
379
669
410
-2090
-4000
-1371
4000
4000
2519
1290
660
435
438
280
146
-56
-305
-120
461
190
57
-17
-51
-75
-88
-48
-38
-54
-210
-283
-225
-376
-730
-224
-85
-353
-346
-461
332
672
343
391
-27
-798
-891
920
1611
1278
1119
517
287
75
149
29
-245
-1064
-1224
48
544
-515
-315
848
213
-1598
-1436
381
1109
1483
1919
1458
656
286
139
56
117
52
70
56
6
6
-44
-12
-126
-178
-109
37
94
-125
-458
-197
265
228
101
-318
-375
-185
80
-256
-891
11
1375
1205
600
364
218
-41
-1062
-1208
420
1372
87
-1958
-3461
-2927
946
3150
1922
2630
2778
1679
881
457
482
198
255
98
125
35
10
-26
10
-88
-269
-480
-334
241
280
-41
-895
-2671
-3235
-192
2056
1796
1725
915
-342
-982
528
1943
1278
590
326
108
49
110
89
-98
-282
-289
-174
275
-20
-1598
-3235
-1825
1056
2649
2308
1263
988
-165
-423
714
530
-338
-61
660
672
383
-46
-102
27
-197
-610
-681
79
701
378
-69
-85
-282
-1083
-1401
684
1943
1327
801
253
63
-182
-418
-272
394
470
449
412
389
254
-176
-602
-714
38
824
500
-464
-1477
-698
652
622
1127
968
812
627
285
257
143
194
94
76
-177
-816
-1986
-2694
-1054
2164
3265
1892
635
569
305
151
266
149
132
-272
-632
-504
263
560
254
10
209
-266
-2165
-3449
-560
2873
2714
1631
739
260
-672
-985
212
891
422
325
686
663
-568
-2182
-2148
-141
1727
2364
1438
-17
239
634
235
68
565
591
357
106
-21
-74
-66
-150
-556
-84
279
25
-167
189
425
164
25
-385
-675
-1344
-1677
-754
1056
2174
1676
809
406
383
214
32
-363
-556
-459
-680
-1412
-1391
239
1424
1327
1706
1043
-647
-2116
-1344
1368
2018
1384
1289
881
27
-8
-52
-68
367
420
27
-716
-3236
-4000
-1825
3200
4000
3427
2026
1109
771
371
374
296
124
81
-76
69
-142
33
-14
-139
-129
-131
-163
-376
-528
-418
-163
-12
91
-483
-1592
-919
489
1205
883
-630
-254
357
-465
99
921
205
-730
-1581
-845
1984
1712
87
121
351
315
-86
-1094
-3364
-2621
1384
3728
2049
474
946
920
935
600
300
143
86
-125
-395
-603
-270
449
545
382
99
66
10
1
-101
-330
-425
-247
86
-511
-875
352
881
-317
-788
169
946
805
395
123
-252
-1637
-2375
-808
642
1923
2308
1140
248
-685
-635
535
590
160
669
680
-190
-602
-917
-664
355
1147
992
964
881
-117
-4
317
-703
-1314
504
1744
993
594
251
-257
-1047
-680
979
1251
751
448
110
-192
-587
-224
359
536
217
142
41
-240
-1313
-2733
-1224
1372
1931
1744
946
404
280
138
223
142
147
75
83
51
40
30
-35
-63
-99
-7
99
-615
-2391
-3342
-2652
-241
2689
3827
3103
1411
547
365
-127
293
720
-86
-2019
-2442
339
2000
1465
569
329
-615
-2537
-2089
705
2714
2714
1602
816
362
-209
-255
404
746
207
97
-14
-157
-67
-4
-288
-1229
-2570
-2592
12
2364
2973
1689
492
395
131
36
-436
0
237
-323
-363
204
123
-399
109
446
-27
-294
-1095
-2368
-1354
1665
2850
1213
-679
-2993
-3560
1242
4000
3150
1554
457
135
-969
-1558
-132
1498
1187
472
491
-471
-2314
-3301
-11
3103
2283
1011
470
427
-60
-209
323
169
-444
-965
-541
462
280
467
883
520
204
-39
47
-144
-68
-572
-2461
-4000
-1733
2244
3325
2519
1039
590
453
497
511
396
67
-51
194
164
89
45
43
-3
-220
-503
-503
-418
-470
-447
-748
-1386
-159
1797
1871
1239
511
-272
-681
-706
-652
119
2008
1760
911
545
332
263
49
-17
-947
-1873
-1396
-448
-302
488
2
-1484
-1078
2519
3827
1809
1032
460
318
279
210
207
42
32
-63
-54
-193
-675
-917
-240
182
-62
-264
87
575
210
-396
-227
-448
-357
212
-371
-568
575
1865
1628
1056
376
187
116
23
319
-8
107
-43
-800
-1827
-1921
-947
-519
100
1793
2198
1193
341
-2375
-4000
-1177
4000
4000
2198
1239
541
287
279
128
153
-27
98
132
187
103
-326
-740
-534
-1034
-920
474
1444
609
115
144
-63
-289
-1358
-1613
-637
-6
309
453
-346
-920
504
2049
1793
1547
980
500
8
-1209
-2205
-254
2198
1790
481
-185
-41
263
19
-997
-1464
90
1390
471
-443
63
800
881
287
-363
-454
37
454
622
343
-102
32
217
280
-39
-442
-706
-464
112
509
-282
-1667
-1889
217
1757
876
1611
1339
149
247
393
261
-1183
-934
686
954
1007
988
641
208
-177
-248
-16
397
367
48
-283
-336
-584
-985
-1219
-1133
-128
1105
1628
1679
1011
357
-316
-715
-134
478
557
931
743
336
178
16
126
56
114
65
67
28
44
9
-148
-574
-951
-1070
-714
373
1116
1257
698
94
282
50
-146
366
793
544
-224
-947
-1954
-1828
1043
2423
881
935
1043
523
407
285
331
57
-309
-177
92
-148
-1726
-3648
-3754
251
4000
3965
2194
747
-118
-788
-994
220
1173
1224
980
739
324
198
143
112
-39
-178
-917
-1858
-457
1112
210
-148
453
593
138
-1406
-2975
-2736
671
3377
2050
-289
-353
1435
1446
1131
720
366
248
32
-549
-1228
-641
-760
-1484
142
2146
1043
-675
-862
706
1328
816
449
406
598
245
-7
-129
-616
-950
253
881
-371
-1079
-271
739
406
761
628
-127
160
360
247
312
253
-120
-399
-1257
-1229
-174
470
850
237
-320
1203
1375
427
177
220
370
335
152
-192
-475
-684
-354
119
460
-389
-1921
-895
1695
2491
1335
-523
-1819
-1107
1368
2085
945
-125
-627
-1242
-2148
-1208
2123
3146
1790
899
-224
-1861
-1873
1213
2454
1306
622
327
187
54
13
-53
-289
-517
49
347
-268
-899
-483
563
946
538
-52
-101
-678
-1978
-1817
1010
2309
1101
609
333
317
338
207
74
-169
-132
187
273
168
70
-254
-1011
-2797
-2578
1530
3492
1813
700
431
227
-181
-765
-1031
-266
1068
1193
488
-872
-3300
-3732
-1840
288
2454
4000
3719
1676
310
12
499
857
393
-439
-185
946
875
338
138
-280
-375
-350
-986
-1078
686
907
171
267
307
224
40
-31
-344
-522
-464
-254
-532
-965
-139
1161
700
248
642
745
435
-266
-863
-616
79
467
-903
-2344
92
2878
2276
792
321
-114
-587
-371
23
370
412
122
401
690
563
393
179
-53
-74
102
266
172
127
73
60
42
12
32
34
35
22
36
9
23
6
50
58
102
89
116
126
115
90
70
86
120
118
116
124
94
57
104
163
125
148
152
164
155
176
157
166
150
131
125
132
135
145
131
114
160
187
121
169
279
160
98
133
116
202
177
129
142
80
113
86
106
122
122
137
172
176
129
128
171
156
177
173
198
161
80
125
47
74
211
181
139
165
145
160
133
152
140
152
152
163
157
120
142
202
104
144
271
146
57
68
118
124
172
150
213
110
61
167
149
135
90
155
239
105
126
205
205
155
108
150
207
161
137
135
129
167
121
140
149
148
160
185
181
184
194
223
81
74
222
109
106
110
78
138
133
190
184
133
54
185
273
122
222
178
151
72
103
125
62
121
162
91
71
225
218
182
131
83
75
132
97
131
109
81
86
118
99
101
110
137
188
79
32
240
164
101
163
112
175
114
135
87
110
92
95
102
122
118
142
159
163
186
181
165
151
148
161
122
99
163
211
187
-11
215
261
128
223
128
172
153
170
178
165
152
116
132
102
130
127
139
140
167
162
142
149
133
140
112
125
100
102
73
78
73
98
98
108
106
110
112
91
85
87
138
141
146
86
72
99
148
127
120
125
120
117
125
121
119
118
109
96
80
89
109
137
114
98
72
87
91
116
131
134
86
54
62
138
151
129
115
94
79
80
100
106
129
134
145
133
157
163
149
145
162
134
123
146
170
119
93
107
119
126
134
136
147
148
145
137
121
147
152
133
121
110
97
111
119
151
153
195
191
179
207
227
202
227
183
137
152
141
125
121
129
135
145
141
158
167
183
138
133
135
139
133
133
109
103
83
97
117
133
130
114
133
160
148
129
122
112
118
99
127
105
101
92
95
104
110
106
142
163
139
157
227
176
151
170
163
161
113
129
121
129
132
144
146
167
164
171
160
152
148
153
134
131
124
118
100
103
132
146
145
138
146
157
150
134
149
150
164
141
148
126
125
110
125
122
133
132
135
147
149
153
133
133
135
140
122
111
97
114
105
121
127
147
126
129
129
133
124
149
179
166
145
142
109
121
126
111
115
83
135
105
134
175
195
173
166
129
125
122
116
112
102
109
109
127
126
134
125
158
147
157
135
146
145
148
140
142
126
127
129
132
135
130
146
178
208
198
191
173
150
114
142
122
111
119
95
91
150
145
157
149
163
169
171
153
149
160
155
157
137
134
111
128
114
129
118
159
148
151
157
159
162
189
181
156
160
143
130
100
111
121
139
132
135
137
159
167
173
138
134
119
125
116
124
113
125
121
107
116
125
152
146
164
157
151
132
141
128
132
119
117
104
111
100
134
133
129
145
171
174
157
155
149
142
122
134
121
119
93
106
105
134
142
142
129
99
117
175
161
179
133
133
152
120
118
105
112
114
131
129
140
139
157
143
140
140
145
138
151
136
135
121
124
125
138
141
144
145
158
163
150
151
149
157
144
145
131
120
99
119
108
133
138
144
129
144
142
153
163
155
117
122
133
118
125
117
121
115
137
149
159
134
170
157
161
153
170
153
161
144
134
125
121
130
131
145
140
152
145
165
132
137
125
140
125
130
120
113
100
106
111
118
127
130
126
124
127
120
123
112
121
122
131
117
120
92
104
109
143
142
164
149
158
162
141
148
145
155
142
145
124
128
104
109
127
156
134
140
140
149
127
151
139
135
148
131
119
116
128
116
128
119
135
131
149
147
155
143
147
143
150
136
147
127
123
121
121
127
129
146
145
161
153
145
120
138
129
139
125
124
110
125
130
140
124
139
149
135
157
171
152
146
137
108
137
143
165
139
122
119
147
133
156
147
161
160
165
156
150
153
155
150
142
133
114
113
105
123
126
141
138
155
146
153
138
149
138
146
136
146
129
112
103
110
117
131
131
123
142
138
140
140
153
151
151
114
112
96
106
104
116
120
140
120
134
149
146
140
141
142
143
145
141
137
113
113
108
119
123
135
129
145
142
158
152
167
146
155
131
124
106
93
92
102
131
142
149
137
152
151
129
127
156
141
142
120
138
117
123
110
130
130
135
135
139
156
156
143
144
152
149
146
140
146
118
112
92
129
148
152
143
163
164
164
159
172
160
147
133
138
121
111
108
113
140
141
143
127
142
142
175
146
157
147
143
123
135
132
121
110
116
128
135
149
134
137
141
156
124
144
143
149
138
133
93
131
107
84
134
152
166
173
142
124
116
121
151
132
151
136
120
107
113
110
127
122
143
139
155
151
145
142
149
146
140
141
122
121
109
119
112
132
130
140
137
157
144
150
135
148
141
140
121
117
110
121
131
142
175
157
157
123
142
100
125
135
143
133
145
127
112
111
110
122
127
144
135
143
148
167
146
151
143
153
144
146
135
132
114
123
120
137
134
140
143
149
152
141
137
136
141
133
133
115
117
101
117
111
134
137
134
114
162
165
145
115
132
182
162
150
139
111
82
110
118
160
187
159
126
133
131
131
129
140
139
140
122
121
102
111
115
132
137
129
138
151
160
143
148
139
149
133
143
121
120
112
118
118
130
125
132
139
157
162
145
149
156
139
132
129
111
126
114
114
111
137
134
149
142
155
138
153
138
138
142
130
129
108
98
121
126
118
144
131
146
147
159
137
144
149
175
161
150
121
110
105
112
117
131
135
140
152
155
157
150
125
90
151
158
170
141
122
106
122
141
141
135
152
150
161
155
149
147
140
144
125
133
113
117
104
119
119
142
131
144
148
158
144
144
141
149
155
152
150
114
103
125
149
116
122
134
182
166
160
117
156
160
155
149
149
144
110
110
135
145
133
145
135
158
143
156
132
149
140
142
127
132
117
113
103
116
126
132
139
139
163
152
155
133
145
135
141
136
146
92
92
95
123
135
144
143
158
158
167
163
126
146
128
141
130
127
105
114
101
124
122
149
138
144
145
140
137
135
150
135
144
130
133
110
124
118
163
200
239
203
157
93
75
83
107
129
121
125
117
98
84
96
109
115
110
137
155
175
147
143
150
164
142
150
138
135
120
121
112
131
142
140
155
156
169
155
158
155
163
146
153
138
134
110
134
120
127
146
163
140
172
159
142
153
138
137
119
130
112
111
97
112
109
133
121
137
135
156
148
139
137
136
134
135
130
122
112
104
120
119
133
129
157
164
190
155
141
130
126
127
122
92
105
119
129
116
110
141
117
106
116
170
160
119
132
146
158
153
121
125
101
117
114
137
138
148
153
166
153
151
149
149
149
137
144
122
130
116
123
104
120
110
129
131
149
138
133
126
138
138
118
123
121
129
111
121
120
136
134
144
152
158
137
151
144
151
137
138
125
118
106
111
125
135
150
145
169
166
159
121
140
137
147
123
138
135
129
110
117
129
142
128
136
148
148
153
140
152
141
156
120
137
129
142
124
133
132
144
140
155
164
159
153
137
147
148
167
158
138
117
135
108
122
118
140
130
148
135
143
146
134
137
133
137
135
129
101
108
98
121
121
134
135
159
153
156
140
155
142
148
139
134
131
126
117
120
139
130
164
156
157
129
131
131
152
133
148
128
141
122
125
122
129
141
131
131
140
153
142
141
119
130
137
182
185
180
141
114
95
128
134
139
133
147
146
148
137
137
142
130
135
124
118
100
117
111
128
126
133
130
157
144
144
138
147
144
141
135
130
118
110
116
117
135
129
139
134
152
147
178
202
206
130
103
115
108
94
105
99
100
116
124
126
144
159
137
140
130
128
137
148
117
113
94
109
107
130
130
138
144
160
152
138
130
135
149
145
151
135
133
124
119
134
160
147
148
158
171
147
153
150
156
134
144
128
129
124
123
125
127
142
118
126
176
168
126
144
152
166
138
156
128
133
119
129
114
141
152
142
146
146
151
133
146
140
166
149
143
124
129
115
121
121
143
136
149
153
172
152
145
147
137
133
116
113
91
98
86
129
144
160
149
131
129
161
118
135
138
133
133
125
122
111
108
100
120
120
140
133
148
146
156
140
148
138
151
131
137
124
113
113
107
115
124
130
127
152
145
153
136
145
139
144
125
133
113
115
113
119
108
116
119
122
147
151
148
140
155
147
156
115
109
105
135
152
163
130
157
144
126
143
151
141
134
134
138
129
113
118
110
131
117
126
132
149
140
158
150
164
153
166
157
162
146
138
112
97
106
117
142
144
151
136
158
152
149
150
162
140
161
144
147
112
98
93
112
128
138
142
143
146
127
133
128
132
137
139
129
129
114
122
112
136
137
157
153
166
159
153
146
151
151
151
129
124
112
106
112
113
123
119
148
155
169
156
160
127
134
114
111
119
127
110
111
101
119
122
134
130
134
149
133
137
141
163
151
146
133
134
113
128
117
138
132
145
142
161
161
163
150
159
155
151
145
131
126
108
112
111
125
125
153
144
138
134
168
131
150
150
159
128
95
105
109
109
115
118
126
133
127
135
137
151
131
147
136
140
121
130
104
110
106
122
126
144
144
151
169
166
148
134
150
141
141
125
142
133
142
123
146
134
155
147
163
162
149
135
146
155
167
152
131
129
112
129
120
133
126
140
131
156
141
145
131
141
137
147
151
125
96
126
131
121
134
118
142
163
176
138
140
133
135
127
138
120
117
106
114
110
127
128
131
137
146
155
135
141
137
142
133
143
126
125
103
121
119
130
125
133
137
151
160
157
145
131
133
126
138
110
104
109
129
127
143
136
144
155
168
141
151
137
148
138
139
137
144
135
115
133
130
145
134
149
143
158
143
132
131
148
134
144
128
126
117
119
117
134
139
138
147
164
167
147
144
137
146
136
145
124
124
103
130
140
153
140
161
152
156
155
150
139
137
130
116
130
112
106
112
145
121
131
110
112
143
165
126
138
126
143
142
129
126
104
106
105
119
124
127
127
155
167
161
140
150
145
156
144
151
129
118
105
110
116
133
129
141
165
166
150
138
128
123
144
134
161
146
124
114
130
135
145
140
157
151
159
141
142
137
147
143
139
129
117
112
110
132
130
141
128
137
128
135
121
142
124
155
139
131
115
107
118
102
111
124
140
121
140
151
155
135
144
143
150
138
144
121
121
113
125
126
140
135
142
155
150
146
143
160
147
155
129
123
102
112
108
124
114
117
103
125
148
169
151
163
160
141
128
126
146
99
103
118
137
121
127
133
172
177
171
141
143
138
138
127
135
113
102
106
109
129
120
128
123
146
140
147
135
144
130
142
128
125
108
106
105
120
129
138
140
147
163
155
147
140
160
155
149
124
125
94
110
99
117
121
127
127
150
147
145
128
138
135
115
132
146
152
113
123
121
140
133
134
140
164
155
160
146
144
141
145
124
121
113
112
130
142
135
137
156
163
156
142
151
140
157
140
146
140
147
115
120
110
131
130
138
144
156
162
152
153
150
163
145
150
132
131
113
116
116
144
139
171
163
150
159
161
150
168
160
155
142
125
128
117
106
122
144
141
152
140
158
147
161
144
157
148
149
129
134
122
124
127
132
143
139
146
153
162
153
150
146
163
149
158
141
138
114
118
108
126
139
163
141
144
162
165
161
156
157
139
137
124
126
109
124
132
125
131
151
142
164
143
138
134
147
140
141
131
119
114
114
113
117
134
130
144
138
156
140
148
145
160
133
139
123
109
94
102
102
118
118
118
118
118
118
118
118
118
118
118

