 2.600,-64.986,4672.880,-354.537,-33.568,-2.777
 3.421,-64.979,4674.073,-353.866,-33.795,-2.777
 4.853,-65.995,4672.965,-353.194,-34.018,-2.673
 5.064,-66.198,4674.247,-352.522,-34.245,-2.992
 5.080,-66.374,4673.096,-351.851,-34.469,-2.942
 5.498,-66.747,4671.880,-350.735,-34.696,-2.946
 6.491,-65.767,4670.753,-350.061,-35.344,-2.939
 6.883,-64.361,4670.814,-349.161,-36.216,-2.986
 7.271,-63.361,4668.432,-348.267,-36.652,-2.930
 7.250,-62.325,4667.197,-347.143,-37.737,-2.978
 8.039,-60.505,4666.100,-346.015,-39.254,-2.917
 9.448,-57.705,4666.088,-344.227,-39.707,-2.641
10.835,-55.305,4664.993,-342.655,-40.803,-2.469
12.036,-53.675,4665.042,-340.862,-41.689,-2.459
13.863,-52.673,4665.057,-339.519,-42.139,-2.455
14.669,-52.479,4662.662,-338.624,-42.576,-2.297
15.276,-52.880,4661.512,-337.953,-42.799,-2.350
15.506,-54.257,4660.373,-337.730,-43.012,-2.251
15.100,-55.635,4662.680,-337.281,-43.026,-2.202
14.497,-55.995,4667.439,-337.272,-43.472,-2.257
13.488,-55.557,4672.137,-336.825,-43.064,-2.523
12.442,-54.504,4676.806,-336.372,-43.089,-2.624
11.799,-52.062,4681.513,-335.475,-43.117,-2.665
11.597,-51.424,4682.701,-334.360,-42.922,-2.557
11.616,-52.199,4681.504,-333.689,-43.146,-2.564
12.039,-53.180,4680.319,-332.579,-42.515,-2.620
10.794,-52.550,4675.592,-331.692,-42.091,-2.669
 9.137,-53.310,4670.779,-330.354,-42.103,-2.675
 8.103,-54.104,4667.191,-329.245,-41.470,-2.731
 7.484,-53.885,4663.618,-328.579,-41.258,-2.730
 6.883,-55.054,4661.273,-328.579,-41.255,-2.788
 7.295,-56.251,4657.750,-327.913,-41.043,-2.898
 7.292,-56.458,4655.320,-327.468,-41.043,-2.850
 7.302,-56.249,4655.352,-327.025,-40.622,-2.691
 7.107,-57.622,4655.420,-326.575,-41.058,-2.907
 6.502,-59.019,4654.196,-326.802,-40.834,-3.231
 6.314,-59.990,4656.516,-326.796,-41.270,-3.237
 7.340,-60.002,4658.901,-326.348,-41.284,-3.290
 7.110,-59.004,4661.264,-325.899,-41.298,-3.496
 6.282,-57.985,4662.391,-325.678,-41.089,-3.439
 6.088,-57.540,4663.563,-325.006,-41.315,-3.386
 6.101,-57.920,4664.788,-324.779,-41.538,-3.388
 6.522,-59.505,4664.697,-324.336,-41.117,-3.077
 6.739,-59.470,4668.220,-323.660,-41.354,-3.025
 6.508,-57.456,4669.465,-322.990,-41.156,-3.279
 6.699,-55.849,4668.351,-321.876,-40.958,-3.219
 7.096,-55.448,4669.497,-320.761,-40.763,-3.111
 7.710,-54.436,4669.498,-319.868,-40.777,-3.214
 7.488,-53.209,4669.513,-318.974,-40.792,-3.367
 7.259,-52.207,4669.532,-318.081,-40.806,-3.362
 6.422,-50.975,4670.755,-317.404,-41.465,-3.673
 6.403,-50.163,4671.954,-316.734,-41.267,-3.986
 6.405,-50.346,4674.284,-316.284,-41.706,-4.040
 6.203,-49.513,4676.788,-315.830,-42.153,-3.981
 6.214,-48.498,4678.078,-315.158,-42.379,-4.136
 6.216,-48.469,4676.834,-314.487,-42.603,-3.926
 6.410,-48.860,4673.237,-313.821,-42.391,-3.767
 5.988,-48.457,4670.883,-313.376,-42.391,-3.977
 5.969,-48.476,4668.470,-312.931,-42.392,-4.085
 6.571,-48.679,4666.132,-312.487,-42.392,-4.190
 6.368,-48.656,4666.135,-311.594,-42.406,-4.136
 5.957,-47.452,4668.553,-311.145,-42.420,-4.343
 4.721,-46.228,4667.390,-310.922,-42.633,-4.445
 4.694,-45.614,4667.313,-310.472,-43.069,-4.494
 5.106,-45.421,4666.062,-310.256,-42.424,-4.440
 4.680,-45.214,4663.668,-310.256,-42.421,-4.282
 4.918,-46.002,4662.508,-310.484,-41.773,-4.233
 4.918,-47.018,4662.534,-310.484,-41.773,-4.289
 4.082,-47.418,4662.456,-310.486,-41.348,-4.292
 3.273,-47.779,4664.767,-310.486,-41.351,-4.293
 2.261,-47.358,4667.156,-310.487,-40.929,-4.345
 1.843,-46.558,4668.467,-310.260,-41.153,-4.763
 1.046,-46.532,4670.820,-310.262,-40.731,-4.657
 0.431,-46.526,4670.803,-310.707,-40.727,-4.500
 0.224,-46.537,4669.607,-310.934,-40.504,-4.446
 0.029,-46.338,4668.395,-310.717,-39.859,-4.341
-0.164,-47.507,4667.171,-310.496,-39.647,-4.186
 0.447,-48.125,4665.956,-310.717,-39.856,-3.870
 1.480,-48.768,4662.498,-310.944,-39.630,-3.873
 1.905,-49.581,4664.871,-311.389,-39.630,-3.878
 1.719,-50.576,4666.001,-312.061,-39.406,-3.885
 2.127,-49.976,4665.923,-312.061,-39.406,-3.512
 2.495,-48.793,4663.494,-312.061,-39.403,-3.294
 2.714,-49.971,4662.286,-311.839,-39.191,-3.034
 2.124,-51.156,4659.900,-312.288,-39.177,-2.883
 2.333,-52.367,4658.720,-311.623,-38.543,-2.836
 2.124,-52.973,4658.703,-311.623,-38.543,-2.943
 2.138,-52.964,4661.026,-311.625,-38.121,-2.838
 2.329,-51.972,4661.022,-311.625,-38.121,-2.621
 3.138,-51.580,4664.563,-311.842,-38.344,-2.408
 4.176,-52.396,4665.768,-312.065,-38.132,-2.465
 3.795,-53.581,4664.567,-312.292,-37.908,-2.365
 3.597,-53.373,4665.754,-312.514,-38.121,-2.470
 3.796,-53.369,4665.777,-312.065,-38.132,-2.418
 2.797,-55.134,4665.745,-312.509,-38.553,-2.427
 2.390,-55.728,4666.922,-312.730,-38.766,-2.588
 2.592,-56.546,4668.104,-312.952,-38.978,-2.535
 2.805,-56.150,4669.313,-313.175,-38.765,-2.587
 3.427,-55.336,4671.726,-312.726,-38.779,-2.744
 4.029,-54.342,4671.734,-312.283,-38.358,-2.633
 4.826,-53.956,4671.749,-311.835,-38.369,-2.524
 4.408,-53.971,4670.581,-311.612,-38.581,-2.524
 4.002,-53.545,4671.755,-311.390,-38.372,-2.626
 3.591,-52.918,4670.566,-310.718,-38.596,-2.890
 4.001,-52.521,4672.937,-310.713,-39.031,-2.890
 4.416,-52.523,4674.096,-310.936,-38.819,-2.679
 4.410,-52.524,4672.920,-310.713,-39.031,-2.466
 4.619,-53.121,4675.291,-310.709,-39.042,-2.471
 5.841,-52.956,4670.590,-310.268,-39.032,-2.629
 5.621,-52.353,4665.897,-309.824,-39.029,-2.731
 3.959,-51.531,4663.544,-309.379,-39.030,-2.831
 2.303,-51.319,4658.773,-308.940,-38.594,-3.201
 1.286,-51.100,4659.953,-309.161,-38.807,-3.414
 0.474,-51.475,4659.917,-309.161,-38.807,-3.311
-0.337,-52.262,4663.407,-309.384,-38.597,-3.420
-0.555,-52.483,4662.257,-309.606,-38.806,-3.632
 0.076,-52.478,4664.661,-309.608,-38.384,-3.473
 0.705,-52.671,4664.637,-309.608,-38.384,-3.368
 1.531,-53.685,4662.228,-309.613,-37.949,-3.215
 1.123,-53.486,4664.576,-309.614,-37.527,-3.267
 0.300,-52.863,4665.805,-308.944,-37.328,-3.422
-0.303,-52.837,4668.208,-308.496,-37.342,-3.579
-0.310,-52.238,4668.270,-308.053,-36.921,-3.734
-0.707,-51.592,4673.000,-308.049,-36.934,-3.785
-1.328,-50.771,4674.200,-307.379,-36.736,-3.940
-0.730,-49.793,4677.787,-307.152,-36.962,-4.040
-0.772,-48.194,4675.345,-306.707,-36.963,-4.139
-1.420,-47.171,4674.137,-306.035,-37.186,-4.132
-1.826,-47.576,4670.593,-306.261,-37.385,-4.240
-2.432,-48.557,4667.022,-306.038,-37.595,-4.247
-2.620,-48.575,4668.216,-306.259,-37.807,-4.303
-2.205,-49.596,4664.636,-306.485,-38.006,-4.362
-1.173,-50.220,4664.701,-306.928,-38.427,-4.363
-0.763,-50.652,4662.415,-307.376,-38.413,-4.362
-0.161,-49.461,4664.820,-307.371,-38.849,-4.410
 0.226,-48.090,4662.382,-307.375,-38.838,-4.458
 0.006,-48.093,4662.389,-307.375,-38.838,-4.721
 0.214,-48.899,4662.407,-307.816,-39.684,-4.777
-0.406,-48.909,4662.399,-308.260,-40.106,-4.831
-1.001,-49.909,4663.606,-309.374,-40.304,-5.047
-1.196,-51.504,4664.761,-310.039,-40.938,-5.106
-0.981,-52.529,4664.696,-310.932,-40.923,-4.688
 0.062,-52.937,4665.898,-311.597,-41.557,-4.532
 1.100,-53.764,4664.776,-312.267,-41.755,-4.693
 1.930,-55.586,4664.876,-312.710,-42.177,-4.646
 2.349,-56.581,4664.819,-312.710,-42.177,-4.386
 2.358,-56.370,4667.097,-313.155,-42.176,-4.123
 1.948,-55.590,4668.270,-313.826,-41.953,-4.121
 1.748,-55.391,4670.701,-314.271,-41.952,-4.438
 1.355,-55.372,4675.478,-314.710,-42.388,-4.332
 1.369,-56.189,4674.317,-315.380,-42.586,-4.335
 1.793,-57.405,4673.115,-316.050,-42.784,-4.232
 2.396,-58.616,4671.862,-316.715,-43.415,-3.973
 2.797,-59.053,4669.464,-317.608,-43.398,-3.871
 3.455,-60.646,4670.682,-318.273,-44.032,-3.616
 3.482,-62.232,4671.902,-319.382,-44.662,-3.305
 3.296,-63.465,4671.965,-320.719,-45.069,-3.361
 3.093,-65.494,4670.780,-321.834,-45.265,-3.420
 2.475,-65.077,4670.754,-321.834,-45.265,-3.474
 1.843,-63.265,4671.890,-321.612,-45.055,-3.575
 2.040,-62.070,4671.961,-321.162,-45.491,-3.835
 1.814,-62.470,4668.432,-320.051,-45.282,-4.203
 1.595,-61.651,4669.602,-319.379,-45.509,-4.358
 1.587,-61.246,4667.290,-318.485,-45.945,-4.568
 0.968,-60.627,4669.668,-318.034,-46.384,-4.672
 0.746,-60.398,4669.671,-317.579,-47.253,-4.565
 0.545,-60.359,4672.013,-316.681,-47.703,-4.513
 1.381,-60.694,4675.616,-314.662,-48.390,-4.408
 2.180,-59.007,4680.297,-311.523,-49.315,-4.084
 4.181,-55.140,4683.872,-307.720,-49.607,-3.698
 5.774,-51.867,4683.899,-303.248,-50.111,-3.470
 5.936,-49.405,4682.774,-299.897,-50.378,-3.826
 5.472,-46.144,4680.475,-296.325,-50.433,-4.022
 5.206,-41.491,4676.955,-292.972,-51.122,-3.897
 5.145,-37.041,4671.001,-289.625,-51.375,-3.772
 5.287,-33.809,4666.347,-286.501,-51.415,-3.807
 5.850,-31.593,4658.058,-284.045,-52.076,-3.481
 5.192,-29.356,4652.072,-282.036,-52.312,-3.261
 5.590,-28.535,4646.158,-280.475,-52.536,-3.259
 6.186,-27.536,4646.267,-279.582,-52.551,-3.357
 6.570,-25.524,4646.321,-278.240,-52.576,-3.348
 7.139,-22.737,4647.444,-278.013,-52.799,-2.965
 7.527,-21.149,4647.376,-278.013,-52.799,-2.748
 8.144,-20.584,4649.803,-278.458,-52.799,-2.746
 8.560,-20.787,4651.026,-278.679,-53.011,-2.798
 8.993,-21.973,4653.362,-279.572,-53.000,-2.697
 8.804,-22.968,4655.672,-280.460,-53.421,-2.701
 8.417,-24.167,4659.219,-281.126,-53.633,-2.708
 8.039,-24.346,4662.776,-282.236,-54.266,-2.552
 8.043,-24.749,4669.902,-283.118,-55.126,-2.976
 8.650,-24.790,4673.496,-283.784,-55.338,-3.239
 8.453,-24.808,4673.546,-284.676,-55.748,-3.185
 8.667,-25.027,4671.259,-285.123,-56.159,-3.292
 8.455,-25.246,4668.857,-285.571,-56.145,-3.506
 8.869,-25.691,4667.761,-286.684,-56.765,-3.825
 8.866,-26.134,4666.547,-288.246,-57.373,-3.720
 9.269,-26.566,4666.544,-289.582,-57.780,-3.509
 9.691,-28.014,4666.523,-291.367,-58.177,-3.676
10.335,-30.046,4667.791,-293.374,-58.785,-3.948
10.773,-31.295,4670.140,-295.603,-59.180,-4.062
11.604,-33.175,4667.764,-297.836,-59.563,-4.123
12.677,-36.448,4666.675,-300.291,-60.157,-4.187
13.734,-39.132,4667.926,-303.192,-60.326,-4.410
13.769,-42.186,4669.072,-306.093,-60.495,-4.372
13.817,-44.627,4672.606,-309.444,-60.231,-4.380
13.670,-47.683,4676.138,-313.238,-60.389,-4.607
12.474,-50.716,4679.590,-316.584,-60.558,-4.675
11.472,-52.347,4684.253,-320.151,-60.939,-4.630
11.294,-53.611,4685.431,-323.058,-60.675,-4.687
10.694,-55.658,4683.056,-325.291,-61.057,-4.747
10.715,-58.336,4677.157,-327.752,-61.213,-4.812
10.725,-59.609,4671.284,-330.212,-61.369,-4.819
10.537,-61.260,4665.293,-332.229,-61.103,-4.456
 9.717,-62.106,4659.352,-333.796,-61.274,-4.460
 8.902,-61.962,4656.970,-335.588,-60.809,-4.409
 9.091,-61.425,4653.422,-337.600,-60.979,-4.300
 8.908,-62.453,4652.224,-339.613,-60.727,-4.091
 8.117,-64.082,4650.979,-341.626,-60.475,-3.887
 8.548,-66.133,4649.775,-344.083,-60.645,-3.578
10.012,-68.816,4649.726,-346.318,-60.605,-3.380
11.062,-71.485,4648.541,-348.776,-60.350,-3.285
11.101,-73.710,4650.918,-350.564,-59.899,-3.242
10.535,-74.937,4655.718,-352.351,-59.451,-3.513
 9.330,-75.737,4660.540,-354.134,-59.436,-3.938
 7.924,-76.336,4668.788,-356.139,-59.211,-4.048
 6.707,-76.915,4672.291,-357.250,-59.420,-3.786
 5.510,-77.713,4677.007,-359.033,-59.405,-3.686
 5.321,-79.540,4679.368,-360.369,-59.815,-3.798
 6.155,-80.768,4679.412,-361.262,-59.801,-3.696
 6.757,-80.193,4677.018,-361.711,-59.787,-3.694
 7.570,-79.806,4675.827,-361.932,-59.996,-3.588
 7.753,-78.843,4674.580,-362.159,-59.773,-3.586
 7.940,-78.262,4673.425,-362.382,-59.557,-3.477
 8.545,-78.286,4671.099,-362.831,-59.543,-3.528
 8.547,-78.922,4667.504,-363.508,-58.881,-3.477
 8.130,-80.147,4662.736,-363.512,-58.868,-3.588
 7.747,-81.961,4664.036,-364.628,-58.641,-3.967
 6.959,-83.349,4662.852,-364.855,-58.417,-4.240
 7.396,-84.549,4663.998,-365.972,-58.191,-4.139
 8.223,-85.796,4662.863,-367.092,-57.953,-4.142
 8.645,-86.610,4664.125,-367.315,-57.740,-4.251
 8.231,-87.225,4665.330,-367.536,-57.952,-4.306
 7.831,-87.631,4667.629,-368.431,-57.516,-4.308
 7.825,-87.035,4666.470,-368.653,-57.726,-4.253
 7.626,-86.425,4668.881,-369.097,-57.725,-4.249
 8.243,-86.439,4668.876,-369.097,-57.725,-4.197
 8.845,-85.061,4671.237,-369.093,-57.736,-4.086
10.250,-83.479,4671.164,-369.093,-57.736,-3.921
11.056,-82.679,4669.996,-368.429,-57.102,-3.810
11.459,-82.906,4665.328,-367.990,-56.667,-4.074
11.657,-83.316,4663.015,-367.102,-56.246,-4.445
10.036,-84.478,4661.908,-366.435,-56.037,-4.979
 7.559,-83.226,4661.820,-365.549,-55.194,-5.293
 6.089,-80.804,4665.410,-365.322,-55.420,-5.755
 5.490,-80.186,4668.977,-365.102,-54.788,-6.070
 4.674,-79.945,4672.492,-364.877,-54.590,-6.121
 4.259,-79.932,4671.295,-364.655,-54.378,-6.016
 4.688,-80.354,4671.291,-365.105,-53.942,-6.021
 5.313,-81.361,4671.247,-365.548,-54.363,-5.816
 5.720,-81.958,4668.820,-365.104,-54.364,-5.553
 5.901,-80.973,4666.482,-364.661,-53.939,-5.441
 5.469,-80.553,4662.897,-363.544,-54.163,-5.333
 4.858,-80.121,4661.721,-362.435,-53.533,-5.384
 4.030,-79.285,4660.559,-361.319,-53.760,-5.698
 2.991,-78.228,4659.323,-360.649,-53.559,-5.483
 2.553,-76.433,4659.338,-359.756,-53.573,-5.528
 2.737,-75.046,4659.336,-359.756,-53.573,-5.309
 3.553,-74.667,4658.221,-359.534,-53.361,-5.200
 4.588,-74.864,4660.547,-359.535,-52.939,-4.990
 5.636,-75.275,4661.751,-359.759,-52.726,-4.940
 6.259,-75.907,4661.719,-360.652,-52.712,-4.838
 6.683,-76.714,4664.091,-361.098,-52.287,-4.736
 6.503,-77.303,4671.235,-361.989,-51.864,-4.950
 6.102,-77.500,4675.964,-362.878,-51.863,-5.110
 4.881,-78.072,4678.300,-362.880,-51.441,-5.271
 3.459,-78.455,4679.443,-363.547,-51.226,-5.328
 2.658,-79.847,4680.570,-363.776,-50.580,-5.387
 2.059,-81.444,4678.240,-363.781,-50.145,-5.340
 1.249,-81.619,4678.308,-363.783,-49.720,-5.497
 0.233,-82.220,4678.250,-364.233,-49.284,-5.500
 0.855,-83.038,4678.245,-364.233,-49.284,-5.345
 0.242,-83.208,4675.760,-363.790,-48.860,-4.926
-0.370,-84.399,4669.776,-363.572,-48.634,-4.669
-0.363,-85.818,4666.151,-362.911,-47.989,-4.730
 1.079,-86.617,4663.782,-362.467,-47.990,-4.574
 1.710,-87.997,4663.733,-362.022,-47.993,-4.474
 2.104,-88.221,4660.171,-361.356,-47.781,-4.423
 1.885,-86.799,4660.216,-360.463,-47.795,-4.519
 1.258,-84.555,4662.589,-358.683,-46.969,-4.613
-0.415,-81.075,4662.528,-356.010,-46.155,-4.546
-0.637,-79.201,4666.023,-352.217,-45.581,-4.645
-0.032,-77.516,4665.975,-347.764,-44.362,-4.797
-1.477,-75.986,4667.154,-343.528,-43.364,-4.896
-3.571,-72.477,4664.686,-339.517,-42.564,-5.041
-4.616,-68.376,4666.922,-335.953,-41.342,-4.760
-5.253,-66.097,4668.067,-332.609,-40.754,-4.645
-6.080,-65.811,4668.026,-329.486,-40.375,-4.907
-6.893,-64.674,4671.518,-325.244,-39.813,-4.852
-7.973,-59.124,4672.675,-319.214,-40.125,-4.827
-6.841,-51.615,4672.706,-312.511,-40.661,-4.738
-4.071,-46.331,4672.754,-306.248,-41.627,-4.501
-3.298,-42.196,4670.455,-299.989,-42.582,-4.060
-2.553,-36.517,4666.890,-294.407,-42.878,-3.507
-1.410,-30.262,4662.211,-289.047,-43.383,-3.216
-0.242,-26.393,4657.543,-285.022,-44.296,-3.144
-0.483,-23.741,4655.112,-282.786,-44.758,-2.922
-0.091,-24.127,4651.505,-281.220,-45.418,-2.502
 0.965,-26.496,4653.911,-280.766,-45.864,-2.249
 2.647,-29.071,4656.234,-280.761,-46.300,-1.784
 3.487,-31.447,4659.729,-280.528,-46.959,-1.477
 3.089,-32.843,4663.250,-281.188,-48.028,-1.537
 3.704,-31.829,4669.254,-281.843,-49.108,-1.531
 5.322,-29.437,4675.261,-281.602,-51.052,-1.627
 7.530,-27.471,4676.543,-281.810,-52.980,-1.667
 9.775,-27.523,4677.829,-282.468,-54.471,-1.929
11.847,-30.169,4677.901,-283.797,-55.736,-2.101
13.137,-35.619,4676.712,-285.360,-55.920,-2.181
13.206,-41.872,4675.540,-288.703,-56.932,-2.264
13.673,-47.322,4676.676,-292.046,-57.948,-2.236
13.937,-51.355,4683.766,-296.052,-58.761,-2.097
13.788,-56.201,4688.452,-300.507,-59.561,-1.959
14.300,-63.479,4693.188,-305.411,-60.349,-1.778
16.232,-70.190,4694.428,-310.535,-61.768,-1.491
19.192,-77.501,4699.139,-315.882,-62.978,-1.101
20.936,-87.010,4702.597,-322.350,-63.526,-0.668
22.493,-98.318,4707.282,-329.033,-65.143,-0.563
26.117,-110.284,4712.047,-336.608,-67.170,-0.510
30.541,-120.674,4711.033,-343.956,-70.254,-0.872
34.309,-130.477,4705.264,-351.302,-74.182,-1.021
38.241,-138.689,4686.456,-356.651,-77.889,-1.110
40.689,-144.887,4653.532,-359.779,-81.169,-1.453
42.469,-150.119,4601.684,-360.251,-83.156,-1.687
41.539,-155.105,4533.130,-357.621,-83.439,-2.451
36.268,-160.831,4442.012,-352.554,-83.484,-3.485
30.713,-162.544,4342.729,-345.030,-84.615,-4.552
32.831,-155.364,4232.969,-333.706,-87.279,-4.571
40.775,-140.904,4112.669,-319.935,-89.318,-3.602
47.902,-126.826,3987.540,-305.281,-90.501,-2.318
53.449,-115.090,3869.436,-291.962,-91.683,-0.519
59.821,-102.724,3765.473,-279.515,-94.173, 1.127
67.633,-88.407,3675.801,-269.726,-98.368, 2.517
74.491,-77.041,3607.505,-262.148,-103.863, 3.049
77.166,-73.004,3560.502,-258.575,-109.346, 1.958
74.809,-73.690,3531.191,-257.463,-112.481,-0.688
69.713,-81.253,3519.422,-257.468,-113.300,-2.892
63.526,-94.883,3521.661,-257.923,-111.593,-3.804
55.274,-103.000,3533.273,-257.041,-107.382,-3.794
46.513,-101.777,3547.211,-255.287,-99.774,-3.476
42.254,-100.454,3558.803,-253.989,-90.869,-2.045
46.483,-110.699,3546.632,-252.715,-81.889, 0.395
54.032,-131.453,3496.679,-249.684,-73.253, 2.363
54.186,-133.380,3437.492,-244.423,-65.480, 2.986
49.510,-96.874,3435.523,-241.786,-59.109, 2.841
38.419,-60.541,3514.927,-246.895,-53.905, 1.319
17.407,-59.492,3660.142,-262.245,-45.725,-2.329
-6.414,-89.883,3836.944,-284.529,-32.176,-6.021
-27.596,-127.498,4025.433,-309.077,-12.638,-7.948
-40.569,-147.204,4209.271,-330.049, 6.840,-6.348
-42.105,-157.337,4342.223,-344.986,19.310,-2.059
-46.943,-166.732,4398.527,-352.122,24.399,-0.679
-65.649,-159.484,4403.092,-351.716,29.952,-4.035
-80.679,-141.636,4366.546,-346.208,35.329,-7.603
-85.501,-120.331,4330.060,-340.229,37.698,-8.933
-76.067,-115.541,4285.273,-333.539,33.023,-8.484
-52.526,-134.558,4202.799,-326.387,21.610,-7.191
-32.089,-138.048,4174.992,-322.756, 9.661,-6.778
-19.690,-135.183,4261.607,-326.869, 0.297,-6.865
-9.643,-151.296,4392.923,-334.971,-8.274,-6.885
-9.332,-180.250,4490.816,-339.550,-13.811,-7.979
-25.462,-200.950,4497.439,-334.666,-9.622,-10.624
-36.704,-192.511,4442.779,-320.471,-2.422,-11.066
-23.493,-147.713,4440.758,-303.478,-5.689,-8.052
-0.844,-83.567,4480.632,-286.157,-19.133,-5.895
 7.404,-32.006,4434.015,-263.796,-29.197,-6.286
 0.157,10.142,4359.929,-240.840,-31.287,-8.313
-14.114,47.254,4415.654,-229.426,-28.849,-11.156
-7.965,59.588,4593.332,-227.943,-29.372,-12.790
20.830,47.561,4801.957,-228.627,-35.934,-12.944
41.732,38.689,4961.814,-222.883,-40.550,-12.083
43.458,25.571,5015.667,-206.359,-33.710,-10.035
47.271,-6.273,4977.905,-182.141,-20.107,-5.802
58.073,-57.445,4857.287,-150.813,-11.506,-1.554
59.534,-85.540,4696.971,-112.331,-9.736, 0.522
50.557,-19.521,4663.034,-75.942,-13.003, 0.658
33.934,75.032,4784.981,-48.369,-15.284,-0.124
 8.667,123.676,4916.880,-25.959,-13.010,-1.553
-9.819,154.788,5037.186,-6.694,-9.369,-2.372
-6.623,199.198,5225.408, 7.518,-9.478,-1.851
 3.427,225.682,5489.355,14.225,-13.950,-2.996
 3.999,190.012,5725.645,16.674,-19.766,-8.190
-2.620,139.356,5843.583,22.586,-22.744,-13.092
-6.865,141.797,5861.183,35.312,-20.647,-12.826
 2.016,187.105,5918.155,45.172,-18.836,-9.175
17.418,194.931,6104.037,43.791,-23.408,-8.550
21.942,125.700,6362.629,29.951,-27.536,-12.099
16.949,25.184,6660.883, 8.516,-26.946,-14.798
 5.502,-68.477,7019.223,-17.558,-26.246,-15.723
-1.133,-167.736,7403.778,-46.715,-28.143,-17.040
 7.075,-266.634,7728.402,-73.902,-31.397,-17.558
15.804,-331.880,7973.962,-94.692,-32.180,-16.066
19.582,-371.108,8155.708,-109.281,-32.883,-13.872
38.800,-413.074,8285.701,-118.982,-36.084,-11.471
71.574,-450.072,8356.785,-118.891,-40.993,-7.834
91.317,-427.938,8390.004,-105.440,-44.308,-2.283
93.351,-371.262,8397.032,-85.325,-45.941, 1.735
92.221,-330.300,8395.887,-63.653,-47.788, 2.773
87.734,-281.299,8393.642,-40.425,-48.591, 3.209
72.802,-215.246,8378.379,-16.102,-47.876, 3.247
54.908,-159.876,8361.807, 9.773,-46.108, 2.123
46.678,-110.234,8341.855,38.104,-45.007, 0.816
48.813,-54.559,8300.986,70.440,-43.917, 0.067
49.510,16.686,8237.518,107.443,-42.197, 0.659
45.412,112.074,8158.723,146.427,-38.113, 1.840
40.139,222.126,8071.678,183.836,-33.338, 3.245
29.157,334.218,7986.931,217.666,-27.652, 4.766
14.833,438.362,7922.172,245.928,-22.138, 5.775
13.505,517.121,7878.840,268.851,-17.028, 6.351
23.423,560.560,7847.398,286.431,-13.144, 5.549
30.167,589.279,7807.808,298.919,-13.266, 5.103
28.252,623.101,7762.213,311.627,-13.586, 4.200
19.071,661.302,7695.237,325.189,-11.708, 1.571
-3.833,692.719,7575.676,339.990,-3.679,-2.313
-48.301,700.707,7370.000,353.716,15.806,-8.690
-109.743,673.728,7065.179,366.138,45.299,-17.138
-165.045,600.227,6577.302,362.192,68.869,-25.266
-186.771,511.835,5915.186,344.744,89.277,-30.376
-157.188,416.711,5031.850,311.924,110.577,-29.827
-100.692,296.575,3914.968,258.768,138.025,-27.364
-43.311,177.554,2727.484,193.548,160.280,-23.571
11.258,73.216,1713.816,131.233,148.264,-12.377
52.565,-15.027,971.364,80.023,93.808, 1.354
40.280,-71.681,387.426,33.486,31.921, 7.537
-1.061,-46.656, 1.594, 0.465,-0.471, 3.577
-6.848, 9.891,-57.161,-4.236,-2.623,-1.437
 2.973, 8.697,26.287, 1.369, 0.729,-0.910
 2.128,-5.585,22.431, 1.145, 0.106, 0.238
-0.429,-1.879,-4.504,-0.427,-0.873,-0.221
-0.028, 0.735, 3.732, 0.240, 0.166,-0.473
 0.814,-1.065, 7.241, 0.467,-0.060,-0.429
 0.394,-1.474, 6.002, 0.246,-0.269,-0.431
 0.588,-0.494, 2.464, 0.020,-0.468,-0.320
 0.597,-0.283, 3.655, 0.242,-0.258,-0.266
 0.592,-0.290, 3.594, 0.242,-0.258,-0.056
 0.802,-0.698, 4.772, 0.019,-0.046,-0.006
 1.001,-0.504, 3.656, 0.242,-0.258,-0.108
 1.400,-0.730, 3.696, 0.242,-0.258,-0.266
 1.196,-1.346, 2.467, 0.015,-0.035,-0.377
 0.995,-1.307, 3.634, 0.242,-0.258,-0.428
 0.796,-1.107, 2.453, 0.015,-0.035,-0.427
 0.369,-0.312, 2.376, 0.015,-0.035,-0.214
 0.362, 0.500, 2.274, 0.015,-0.035, 0.105
 0.377,-0.492, 2.302, 0.015,-0.035, 0.155
 0.169,-0.917, 0.033, 0.016,-0.457,-0.217
 0.387,-1.320, 1.297, 0.238,-0.247,-0.483
 0.386,-0.911, 1.254, 0.238,-0.247,-0.377
-0.054, 0.102, 1.130, 0.238,-0.247,-0.214
 0.134, 0.287, 1.094, 0.238,-0.247,-0.106
 0.781,-1.138, 1.236,-0.207,-0.244,-0.324
 1.002,-1.731, 2.435, 0.015,-0.035,-0.325
 2.080,-30.429,103.045,-0.908,13.836, 3.872
-1.381,22.956,685.330,-4.566,81.697,-6.820
-41.018,222.439,2143.280,-26.320,186.089,-36.859
-74.663,346.148,4198.950,-69.230,208.436,-0.094
27.355,-7.745,5754.443,-128.461,180.864,49.058
74.929,-570.079,6669.407,-194.057,209.761,12.886
-2.604,-447.946,7407.719,-190.578,192.295,-15.400
-50.040,-66.718,8046.423,-165.889,136.623, 2.038
-22.357,-61.052,8433.221,-173.883,94.833, 6.321
26.257,-181.599,8611.485,-186.298,65.733,-12.140
52.853,-191.975,8549.908,-198.699,53.138,-22.140
62.138,-179.313,8367.981,-232.773,52.903,-21.621
56.965,-182.476,8286.658,-248.103,59.870,-19.573
 6.155,-132.611,8295.164,-245.892,62.397, 0.338
-86.435,-42.185,8195.646,-263.175,64.019,40.202
-125.961,-26.062,7912.009,-266.254,95.144,52.272
-134.840,-26.162,7689.830,-240.752,135.438,49.203
-163.719,79.540,7631.717,-221.251,153.624,46.142
-177.373,263.975,7568.374,-218.417,159.906,29.356
-144.197,357.411,7466.615,-232.297,158.214, 9.685
-93.246,270.559,7339.764,-260.669,149.779,-0.097
-70.752,68.903,7178.388,-297.504,136.835,-9.067
-66.016,-69.461,6954.215,-328.589,129.463,-19.443
-57.662,-92.690,6498.749,-318.051,107.846,-21.346
-52.621,-85.526,5956.088,-293.543,89.890,-15.393
-50.123,-160.857,5477.054,-280.010,84.962,-5.543
-45.694,-283.974,5100.234,-276.513,89.115, 5.765
-35.169,-341.444,4758.916,-267.871,92.916,12.681
-14.353,-328.827,4376.220,-244.511,92.358,15.706
 5.851,-275.276,3972.561,-209.543,88.274,16.867
23.860,-207.279,3595.195,-173.643,81.115,15.872
44.515,-164.540,3273.435,-145.064,73.699,13.389
56.601,-146.645,3023.504,-125.583,66.859, 9.724
55.514,-141.439,2865.564,-114.501,59.449, 5.888
44.466,-131.529,2765.314,-107.607,51.292, 2.546
24.573,-116.069,2669.436,-101.164,44.832, 0.284
 0.543,-141.066,2597.533,-98.544,45.417, 0.524
-24.576,-195.159,2587.923,-101.051,51.684, 1.839
-50.929,-223.518,2633.256,-106.654,59.983, 0.317
-63.433,-226.467,2704.078,-113.353,68.018,-1.814
-56.443,-228.514,2789.491,-121.813,74.749,-1.764
-52.555,-226.068,2881.872,-130.265,81.032,-1.749
-58.085,-205.354,2978.993,-138.713,87.301,-2.497
-57.835,-169.229,3083.461,-147.155,93.128,-2.482
-46.584,-126.255,3203.512,-156.679,96.145,-0.999
-30.787,-81.064,3350.689,-169.056,95.067, 2.132
-20.312,-46.215,3534.253,-186.073,91.602, 5.210
-18.181,-37.348,3802.754,-219.084,85.595, 6.894
-17.934,-56.709,4192.919,-273.190,76.801, 8.342
-31.287,-82.046,4614.844,-334.633,66.968, 7.962
-56.657,-106.082,4984.826,-391.197,56.344, 5.044
-69.254,-131.682,5288.748,-441.126,46.664, 3.022
-61.499,-157.103,5527.818,-482.841,35.973, 3.069
-42.949,-169.717,5703.151,-512.549,24.847, 4.499
-19.708,-160.112,5808.990,-528.248,13.907, 5.981
 8.723,-138.873,5826.428,-530.397, 3.213, 7.311
39.635,-119.105,5750.344,-519.007,-6.791, 8.950
62.111,-95.281,5595.957,-497.418,-14.611,10.604
75.287,-74.340,5381.157,-468.066,-21.747,11.073
85.983,-56.567,5141.506,-435.380,-29.506,10.676
92.368,-40.297,4906.700,-402.243,-37.290, 8.636
97.036,-32.742,4695.495,-371.768,-44.249, 6.185
99.356,-39.015,4533.576,-347.540,-46.118, 4.779
92.150,-42.481,4420.096,-327.551,-43.137, 2.112
81.432,-39.558,4324.418,-310.907,-39.076,-1.316
70.591,-42.214,4235.561,-296.932,-35.845,-3.555
60.917,-51.632,4166.732,-287.180,-32.820,-4.609
55.177,-57.561,4126.495,-281.425,-30.234,-5.699
51.901,-60.109,4114.703,-279.210,-28.953,-6.504
50.538,-67.491,4113.436,-279.883,-28.302,-7.175
51.501,-79.919,4120.573,-283.898,-27.833,-7.759
55.589,-93.768,4145.548,-289.896,-29.306,-8.243
61.174,-107.603,4191.747,-298.985,-33.355,-7.937
68.096,-126.922,4268.547,-309.827,-37.900,-6.703
72.131,-152.617,4386.487,-321.781,-38.483,-4.868
68.832,-157.213,4522.390,-330.855,-33.814,-4.735
60.723,-142.038,4633.632,-334.373,-28.519,-6.146
52.528,-125.658,4719.938,-332.777,-23.442,-7.340
46.076,-104.874,4781.399,-326.496,-20.722,-8.147
43.819,-80.573,4816.889,-316.645,-20.553,-7.611
46.054,-60.744,4827.513,-303.904,-21.429,-7.095
45.007,-44.135,4813.376,-289.630,-20.343,-7.445
37.947,-27.711,4769.602,-273.821,-18.557,-8.643
28.435,-16.310,4698.548,-257.371,-16.058,-9.706
23.938,-17.203,4615.533,-243.149,-15.204,-9.289
28.018,-29.558,4538.391,-230.479,-15.832,-7.232
34.997,-40.333,4474.201,-219.360,-16.686,-4.537
40.485,-44.498,4424.289,-209.566,-17.987,-2.445
44.507,-43.903,4393.460,-201.556,-17.599,-1.330
43.386,-38.859,4380.463,-195.109,-15.309,-2.048
37.128,-30.165,4377.002,-190.456,-10.878,-4.070
28.465,-23.619,4378.189,-187.142,-6.011,-5.839
19.265,-21.228,4391.078,-186.488,-2.420,-6.996
11.749,-19.806,4418.039,-187.592,-1.407,-7.046
 2.988,-16.566,4452.099,-190.017,-1.682,-6.826
-4.540,-16.609,4479.139,-193.338,-2.352,-6.936
-6.900,-22.745,4496.750,-197.560,-2.980,-7.017
-5.552,-32.196,4503.791,-202.463,-2.929,-6.373
-2.339,-42.908,4506.080,-207.824,-2.421,-5.470
 2.508,-52.036,4516.729,-213.848,-1.714,-4.663
10.003,-55.798,4540.475,-220.088,-0.824,-3.513
15.773,-51.320,4570.126,-224.765, 0.669,-2.801
15.368,-44.756,4597.426,-228.999, 2.162,-2.927
10.854,-39.097,4617.554,-231.448, 3.217,-3.324
 4.461,-33.630,4629.341,-232.783, 3.637,-4.252
-2.182,-26.151,4635.264,-232.558, 3.833,-5.435
-7.618,-17.915,4627.034,-231.444, 3.198,-6.193
-9.340,-13.126,4608.172,-229.666, 2.366,-5.959
-8.187,-11.188,4580.939,-228.111, 0.492,-5.209
-4.776,-9.888,4553.686,-226.556,-1.383,-4.146
 2.525,-9.471,4527.670,-226.108,-4.312,-2.607
12.145,-11.893,4505.329,-226.334,-6.596,-1.242
20.969,-16.085,4488.927,-227.220,-9.528,-0.358
26.523,-21.029,4472.371,-228.998,-12.869, 0.413
29.382,-23.327,4465.313,-231.213,-16.235, 0.776
29.195,-25.194,4461.930,-234.548,-18.528, 0.450
26.993,-30.048,4461.988,-239.005,-19.738,-0.155
23.786,-37.473,4466.659,-244.802,-20.512,-0.768
20.403,-44.472,4479.539,-250.813,-21.522,-1.227
17.854,-51.481,4493.626,-257.496,-21.884,-1.156
18.009,-59.540,4517.240,-265.071,-21.827,-0.981
19.985,-65.420,4544.597,-271.971,-21.581,-1.215
22.142,-67.490,4575.431,-278.652,-20.705,-1.012
25.912,-68.983,4601.424,-284.434,-21.111,-0.437
29.647,-69.084,4617.970,-289.330,-21.929, 0.305
31.880,-66.361,4625.020,-292.442,-23.182, 1.219
31.456,-64.805,4622.655,-293.782,-23.578, 1.754
29.205,-67.819,4607.222,-294.465,-23.311, 1.740
26.777,-72.423,4589.410,-295.153,-23.033, 1.454
22.865,-74.638,4570.423,-295.177,-21.696, 1.020
18.533,-76.458,4547.876,-294.976,-20.994, 0.374
17.688,-77.902,4531.332,-294.543,-20.953, 0.314
19.702,-76.388,4524.298,-294.551,-20.929, 0.323
21.295,-72.829,4521.973,-294.106,-20.929, 0.447
22.688,-69.277,4519.673,-293.662,-20.930, 0.517
22.691,-68.097,4516.162,-293.001,-20.285, 0.521
20.211,-66.665,4513.782,-292.565,-19.003, 0.264
16.311,-66.798,4510.136,-292.349,-18.356,-0.269
14.478,-70.180,4505.350,-292.796,-18.764,-0.390
16.391,-75.607,4508.922,-293.905,-19.397,-0.308
19.347,-81.434,4516.029,-295.237,-19.821,-0.069
21.664,-83.411,4533.836,-296.336,-20.070,-0.023
21.866,-80.587,4548.030,-296.775,-19.675, 0.044
20.820,-76.339,4557.558,-296.324,-19.280,-0.149
20.142,-72.315,4562.326,-294.977,-19.744,-0.608
20.127,-70.280,4564.693,-293.633,-20.197,-0.810
20.343,-70.658,4559.942,-292.299,-20.201,-0.972
20.364,-73.040,4556.430,-291.190,-19.568,-1.195
19.935,-72.391,4557.636,-289.184,-18.962,-1.454
18.241,-67.339,4556.487,-286.734,-17.932,-1.590
15.730,-63.857,4551.722,-283.615,-17.540,-1.946
14.252,-63.006,4541.000,-280.720,-17.769,-2.313
12.782,-62.562,4531.507,-278.492,-18.206,-2.469
11.558,-62.328,4531.584,-277.155,-17.799,-2.944
11.776,-61.100,4536.358,-275.822,-16.548,-3.097
12.556,-56.262,4546.952,-274.701,-15.955,-2.864
13.121,-49.610,4562.262,-273.133,-14.954,-2.622
13.896,-44.196,4571.744,-271.790,-14.150,-2.650
15.732,-43.203,4574.209,-270.449,-14.178,-2.644
16.551,-43.993,4571.846,-268.668,-13.771,-2.648
14.902,-45.971,4561.075,-267.118,-13.124,-2.871
13.047,-47.737,4549.223,-265.346,-12.266,-2.985
10.185,-48.892,4538.524,-264.246,-11.183,-3.309
 7.925,-48.849,4537.212,-263.137,-10.552,-3.575
 6.457,-46.000,4536.004,-261.579,-9.933,-3.616
 5.596,-41.779,4531.327,-259.803,-9.091,-3.650
 5.756,-39.603,4523.116,-258.248,-8.879,-3.534
 6.952,-37.811,4517.190,-257.135,-9.093,-3.367
 8.368,-37.258,4510.120,-256.695,-9.080,-3.257
10.027,-38.678,4510.193,-256.245,-9.516,-2.998
10.646,-38.894,4510.164,-256.245,-9.516,-2.682
 9.844,-39.700,4511.307,-256.918,-8.867,-2.581
 8.832,-39.281,4516.015,-257.816,-7.584,-2.844
 6.768,-36.261,4523.131,-259.158,-6.301,-3.198
 4.311,-33.643,4532.642,-260.495,-5.453,-3.452
 2.479,-32.427,4540.838,-261.616,-3.960,-3.395
 1.256,-33.004,4544.222,-262.734,-3.311,-3.134
 0.464,-34.205,4547.735,-264.300,-2.651,-3.246
 0.725,-36.413,4556.118,-265.857,-2.437,-3.467
 0.963,-38.609,4564.474,-266.969,-2.227,-4.002
 0.571,-38.770,4572.795,-267.183,-2.463,-4.161
 0.140,-36.968,4571.643,-266.068,-2.266,-4.208
 0.098,-33.552,4570.466,-264.954,-2.068,-4.033
 0.461,-31.371,4561.064,-263.618,-2.491,-4.181
 0.224,-29.976,4551.582,-261.840,-2.492,-4.281
-0.639,-28.206,4537.319,-260.515,-2.044,-4.011
-1.694,-28.012,4521.889,-259.410,-2.230,-3.907
-2.128,-29.248,4508.890,-259.195,-2.413,-3.911
-1.312,-29.905,4500.678,-259.869,-2.595,-3.755
-0.304,-29.930,4501.785,-260.977,-3.650,-3.489
 1.133,-30.361,4508.823,-263.196,-4.917,-3.121
 3.029,-31.769,4515.986,-264.964,-6.620,-3.023
 4.295,-32.990,4527.941,-267.172,-8.758,-3.028
 6.134,-32.219,4538.639,-269.158,-10.683,-2.650
 8.348,-28.857,4545.771,-270.034,-12.401,-2.102
10.369,-25.105,4550.691,-270.916,-13.257,-1.923
12.000,-23.357,4553.037,-272.254,-13.243,-1.652
12.406,-24.175,4551.733,-273.369,-13.438,-1.446
11.204,-26.788,4551.708,-275.155,-13.409,-1.828
 9.194,-29.364,4557.690,-276.711,-13.617,-2.530
 6.973,-31.337,4561.255,-278.269,-14.240,-2.909
 6.762,-32.537,4561.253,-279.155,-15.083,-2.965
 7.977,-32.001,4557.674,-279.822,-16.128,-2.910
 9.989,-30.654,4549.441,-279.594,-17.606,-2.427
12.417,-28.723,4538.806,-279.370,-19.074,-1.679
14.244,-27.571,4529.333,-279.371,-19.904,-0.881
14.625,-26.410,4523.413,-280.038,-20.946,-0.556
14.811,-26.247,4518.673,-280.491,-20.921,-0.342
15.016,-26.671,4516.298,-281.384,-20.904,-0.291
14.004,-26.674,4516.292,-282.277,-20.890,-0.028
13.764,-25.113,4515.102,-282.940,-21.946, 0.243
15.378,-23.156,4513.937,-284.047,-23.423, 0.888
18.447,-22.855,4509.285,-285.829,-24.663, 1.262
20.504,-24.536,4509.324,-288.058,-25.056, 1.045
20.343,-27.208,4511.709,-291.632,-24.577, 0.821
18.981,-31.632,4517.639,-294.981,-23.899, 0.323
16.592,-34.828,4528.250,-298.775,-23.223, 0.095
14.354,-34.247,4542.438,-301.901,-21.503,-0.218
10.854,-29.810,4554.261,-304.133,-20.219,-0.566
 9.194,-25.641,4558.972,-306.374,-18.485,-0.601
 7.347,-24.483,4558.970,-308.168,-17.174,-0.544
 6.332,-25.147,4557.743,-310.640,-15.204,-0.438
 5.329,-26.406,4552.999,-313.332,-13.865,-0.286
 2.909,-29.222,4545.899,-315.580,-12.527,-0.194
 0.265,-32.470,4538.708,-318.279,-10.328,-0.155
-1.769,-33.742,4532.671,-321.206,-7.483,-0.161
-5.458,-33.014,4527.927,-323.913,-4.005,-0.687
-9.559,-31.864,4526.739,-326.845, 0.109,-1.210
-12.836,-30.555,4522.026,-330.453, 4.459,-1.785
-17.523,-31.813,4517.286,-334.503, 8.388,-2.902
-23.837,-34.863,4510.141,-339.003,12.331,-3.974
-29.727,-38.744,4505.348,-344.395,16.285,-4.627
-35.608,-43.016,4501.717,-350.003,19.595,-5.284
-42.532,-45.852,4500.414,-356.056,22.905,-6.037
-49.664,-46.277,4500.352,-362.329,25.578,-6.514
-54.186,-43.970,4505.091,-368.586,26.947,-7.031
-58.293,-40.259,4515.813,-375.059,27.665,-7.914
-62.167,-38.115,4527.714,-381.747,27.314,-8.538
-61.338,-38.643,4533.693,-387.323,27.174,-8.324
-55.142,-42.468,4531.425,-392.681,26.838,-7.494
-49.966,-47.092,4524.485,-397.156,27.359,-6.931
-47.272,-49.844,4515.065,-400.737,27.444,-6.520
-45.029,-51.006,4499.696,-404.098,27.329,-5.781
-44.221,-52.961,4481.986,-407.015,27.215,-5.631
-47.091,-55.469,4464.251,-410.382,27.536,-6.279
-51.812,-56.697,4447.729,-413.072,27.197,-7.079
-55.340,-56.362,4435.858,-416.204,26.432,-7.552
-57.628,-54.642,4430.016,-419.999,25.444,-7.860
-58.875,-53.734,4427.670,-424.012,24.233,-8.227
-59.888,-54.811,4427.689,-428.018,22.162,-8.550
-59.850,-57.693,4425.330,-432.029,20.526,-8.459
-59.839,-58.751,4428.871,-435.808,18.229,-7.986
-55.767,-57.902,4426.593,-438.919,15.721,-7.291
-49.669,-53.473,4424.333,-441.580,12.778,-6.159
-43.806,-48.044,4416.103,-443.572, 9.199,-4.597
-38.356,-43.407,4401.925,-444.903, 6.268,-3.038
-33.722,-39.930,4386.684,-445.111, 2.253,-2.331
-30.124,-36.468,4364.257,-444.875,-2.599,-1.684
-27.356,-32.781,4341.933,-444.189,-7.886,-1.614
-25.202,-29.875,4320.742,-443.724,-13.386,-1.705
-23.239,-26.575,4303.096,-443.490,-17.819,-2.059
-23.111,-24.237,4291.340,-443.919,-22.049,-2.312
-21.514,-23.715,4285.484,-445.016,-26.069,-2.467
-18.836,-23.797,4289.099,-447.448,-29.666,-2.203
-16.765,-23.433,4302.144,-450.757,-34.559,-2.201
-13.885,-24.305,4314.043,-454.737,-39.649,-2.097
-10.331,-28.947,4333.071,-459.601,-44.750,-2.010
-6.063,-38.590,4356.679,-466.255,-48.978,-1.420
 0.496,-51.914,4385.010,-474.252,-51.919,-0.582
 8.311,-66.445,4412.264,-482.920,-54.635, 0.252
13.859,-80.117,4441.822,-491.140,-57.364, 0.825
16.332,-94.356,4472.452,-500.032,-59.869, 1.183
19.455,-111.963,4509.017,-508.692,-62.612, 1.527
23.460,-131.344,4550.328,-517.792,-65.789, 2.125
27.274,-150.324,4594.040,-526.893,-68.545, 2.883
32.690,-168.729,4631.914,-534.877,-71.947, 3.381
38.861,-184.141,4662.599,-541.073,-76.635, 3.945
43.535,-196.365,4684.973,-545.712,-81.537, 4.257
45.899,-205.313,4700.390,-548.118,-87.312, 4.004
46.369,-210.658,4708.697,-549.194,-92.655, 3.607
44.781,-216.154,4715.761,-549.603,-97.373, 3.052
40.324,-220.993,4719.252,-548.910,-100.175, 2.339
35.625,-223.842,4722.652,-547.332,-102.133, 2.006
31.547,-225.481,4726.034,-545.311,-103.246, 1.941
27.256,-226.551,4733.166,-543.072,-103.302, 0.717
22.130,-226.191,4740.334,-540.385,-103.369,-0.550
17.639,-225.202,4750.907,-537.479,-102.381,-1.079
11.464,-221.794,4761.386,-534.577,-100.543,-1.067
 3.644,-215.159,4774.335,-532.119,-98.704,-1.461
-3.196,-207.205,4783.766,-529.885,-97.489,-2.376
-6.515,-200.520,4794.443,-528.322,-96.050,-2.718
-7.362,-197.846,4801.481,-526.981,-94.817,-2.337
-7.148,-198.999,4803.782,-525.644,-93.572,-1.866
-5.252,-202.189,4808.397,-524.757,-91.892,-1.407
-1.342,-204.600,4808.359,-523.423,-91.060,-0.726
 5.038,-208.489,4802.422,-522.762,-90.413, 0.210
 9.210,-214.153,4795.326,-523.214,-90.386, 0.711
10.494,-220.401,4790.579,-524.553,-91.204, 0.947
10.608,-229.647,4788.204,-528.564,-92.840, 1.009
 9.094,-239.466,4788.114,-533.467,-94.888, 0.804
 5.502,-247.850,4790.354,-538.362,-97.798, 0.130
 1.883,-255.661,4787.897,-543.254,-101.976,-0.700
 2.360,-264.538,4784.266,-547.913,-107.648,-1.270
 6.940,-272.282,4773.670,-551.675,-115.443,-1.096
16.184,-279.306,4759.562,-555.641,-126.433,-0.334
30.723,-284.978,4737.107,-557.587,-140.204, 1.760
49.128,-288.256,4709.944,-557.729,-156.988, 4.974
70.115,-286.332,4678.037,-554.737,-175.520, 8.793
92.209,-276.189,4637.961,-547.939,-196.020,12.914
112.169,-262.822,4589.694,-537.798,-216.763,16.100
128.024,-249.111,4540.242,-525.195,-238.607,17.858
142.807,-229.532,4506.272,-511.902,-261.577,19.008
157.261,-197.770,4488.994,-498.142,-285.458,20.003
170.051,-160.986,4488.491,-485.708,-309.366,20.019
188.033,-126.806,4511.699,-475.038,-333.321,20.448
212.160,-92.863,4529.190,-461.051,-350.300,21.991
229.549,-59.654,4546.627,-447.982,-362.577,22.414
238.535,-30.154,4561.605,-435.819,-373.546,20.704
244.908,-5.880,4568.198,-424.794,-383.388,18.175
249.881,15.361,4561.809,-414.893,-393.812,15.947
254.248,35.543,4542.325,-406.124,-404.384,14.139
256.411,48.542,4514.370,-398.481,-414.695,11.928
258.873,51.852,4482.924,-392.427,-422.606, 9.092
268.484,42.308,4450.026,-388.387,-429.840, 8.521
283.836,17.581,4419.010,-385.251,-435.356,10.998
291.322, 6.333,4408.367,-383.241,-436.852,11.580
289.614, 7.328,4397.921,-380.802,-434.945, 9.524
286.267, 7.722,4381.537,-378.152,-432.380, 7.731
281.926, 8.169,4363.788,-375.721,-430.449, 6.618
273.939, 6.344,4359.077,-373.500,-428.769, 4.755
265.122, 5.740,4367.377,-371.929,-428.609, 2.581
260.390, 8.473,4383.937,-371.462,-429.521, 1.852
263.026,12.882,4405.319,-371.877,-431.290, 1.819
264.892,15.709,4430.262,-373.850,-433.682, 1.779
262.502,15.603,4458.740,-376.496,-435.427, 0.985
257.410,15.495,4478.911,-378.933,-435.662,-0.393
252.279,18.756,4498.119,-380.719,-432.706,-3.076
220.211,59.671,4569.894,-385.206,-420.449,-12.410
155.189,90.720,4680.599,-390.617,-400.571,-21.433
168.022, 9.471,4756.957,-396.924,-384.005,-13.293
275.175,-115.696,4792.728,-408.357,-371.758, 5.985
321.507,-154.841,4878.845,-421.151,-351.073,14.327
268.348,-111.532,4990.837,-429.066,-325.365, 8.486
230.026,-89.750,4994.046,-425.005,-298.291, 3.348
234.795,-106.187,4912.186,-416.069,-274.494, 3.381
224.922,-111.790,4814.882,-404.247,-250.478, 2.506
189.257,-103.046,4713.859,-389.985,-224.989,-0.902
151.974,-96.236,4616.336,-374.610,-198.884,-4.108
114.281,-85.550,4535.177,-359.669,-172.394,-6.717
71.434,-68.186,4471.771,-346.275,-146.142,-9.824
35.209,-53.925,4426.212,-335.763,-121.385,-12.464
14.039,-44.267,4403.227,-329.008,-99.412,-13.060
-2.313,-37.409,4412.279,-325.569,-78.548,-13.404
-22.285,-33.092,4439.131,-324.576,-57.475,-14.763
-40.999,-32.596,4472.941,-324.915,-36.825,-16.192
-55.174,-34.592,4497.324,-325.706,-16.145,-16.892
-66.710,-37.687,4506.432,-326.290, 5.213,-17.490
-77.655,-44.091,4491.867,-326.456,27.918,-18.366
-89.360,-56.901,4458.380,-326.204,52.381,-19.377
-103.483,-74.292,4418.940,-326.639,79.216,-20.570
-129.064,-88.097,4392.316,-328.205,109.245,-22.862
-161.684,-91.773,4386.829,-330.210,140.927,-25.002
-189.633,-86.312,4397.977,-332.657,174.276,-25.563
-212.701,-74.127,4424.571,-335.322,208.229,-25.459
-232.910,-58.998,4465.358,-339.325,243.450,-25.177
-253.872,-47.494,4506.109,-346.014,279.570,-24.595
-277.721,-36.595,4531.378,-352.951,317.238,-23.963
-300.408,-21.366,4544.896,-358.995,353.222,-23.419
-313.519,-2.251,4560.968,-364.116,384.909,-21.952
-317.166,13.643,4586.513,-367.852,410.990,-19.443
-316.137,28.740,4608.528,-368.638,429.132,-16.143
-316.998,39.147,4597.254,-363.152,438.742,-13.767
-324.220,24.294,4576.721,-358.109,447.942,-15.478
-333.865, 2.890,4549.550,-353.938,455.009,-19.074
-341.346, 7.591,4524.817,-348.833,457.338,-20.169
-345.531,20.021,4462.023,-338.362,452.445,-19.956
-345.979,24.389,4387.483,-327.898,447.157,-20.093
-344.300,24.298,4315.291,-319.666,442.323,-20.044
-340.961,24.965,4254.928,-314.103,437.919,-18.932
-338.787,24.689,4217.007,-310.988,434.984,-17.983
-334.147,35.385,4219.467,-312.754,432.437,-15.234
-297.817,96.210,4332.485,-325.299,419.696,-4.674
-218.678,119.275,4533.814,-341.716,396.494, 2.766
-211.267,26.987,4629.320,-352.936,383.780,-3.114
-302.606,-81.329,4609.890,-358.958,379.880,-17.520
-388.709,-116.322,4659.081,-367.751,364.922,-31.835
-400.236,-85.040,4762.713,-376.648,339.754,-34.761
-358.944,-61.223,4790.683,-378.895,313.400,-28.979
-334.446,-68.513,4744.783,-377.212,291.048,-25.463
-329.835,-80.969,4673.918,-373.104,270.226,-24.944
-301.602,-80.825,4598.704,-366.744,246.381,-21.130
-244.978,-71.875,4527.427,-357.890,217.990,-13.618
-186.336,-60.345,4459.882,-348.798,187.241,-6.991
-137.709,-52.074,4407.662,-341.709,157.126,-3.025
-98.803,-51.257,4373.102,-338.421,129.801,-1.316
-70.625,-54.664,4366.818,-340.041,105.042,-0.848
-55.057,-61.444,4391.011,-346.555,81.132,-1.458
-49.582,-77.961,4438.601,-356.173,56.774,-3.176
-45.218,-101.216,4494.502,-366.451,31.767,-4.819
-33.736,-121.179,4542.216,-374.721, 6.110,-5.490
-17.647,-134.444,4568.720,-379.435,-19.547,-5.445
 1.755,-138.592,4574.106,-379.693,-45.652,-5.305
23.459,-133.003,4565.333,-376.395,-70.499,-4.534
46.758,-125.888,4548.261,-373.330,-94.681,-3.330
75.047,-124.427,4531.210,-370.708,-119.285,-1.200
108.335,-130.485,4515.388,-370.540,-144.486, 0.740
144.751,-139.559,4509.057,-371.701,-170.122, 2.984
180.579,-149.830,4508.584,-373.981,-194.687, 5.168
209.235,-159.565,4515.116,-376.256,-219.693, 6.243
228.821,-159.366,4525.366,-376.974,-243.660, 5.932
242.121,-146.855,4543.850,-376.120,-268.734, 4.883
252.924,-132.447,4566.930,-373.911,-295.554, 3.895
265.969,-116.837,4588.750,-370.135,-323.037, 3.917
280.576,-92.645,4601.113,-364.139,-349.675, 5.088
291.022,-64.205,4600.192,-357.050,-374.370, 7.281
298.641,-39.512,4589.722,-348.642,-396.924, 9.932
309.963,-14.727,4581.744,-340.266,-415.200,12.430
328.760, 2.961,4580.800,-333.240,-430.912,15.689
352.479, 3.568,4580.837,-329.139,-443.370,19.715
376.900,-4.274,4574.887,-326.188,-451.730,23.439
393.736,-10.119,4569.237,-325.488,-457.486,24.158
395.442,-16.332,4584.871,-327.455,-462.407,22.387
386.888,-15.680,4621.586,-330.291,-467.811,20.799
384.433, 2.618,4643.256,-328.468,-468.787,19.828
392.323,29.867,4663.943,-326.426,-469.542,19.591
413.985,53.619,4683.625,-324.627,-468.775,19.924
442.885,54.056,4689.805,-325.319,-465.985,22.160
461.724,37.321,4665.766,-324.516,-456.090,26.478
453.460,13.830,4643.330,-321.512,-439.842,31.172
425.539,-4.923,4646.796,-320.734,-421.918,33.239
392.602,-16.740,4648.144,-320.413,-403.540,32.853
354.096,-27.143,4630.583,-320.107,-385.531,31.836
316.237,-44.761,4597.496,-320.032,-368.117,31.263
287.834,-64.971,4565.723,-320.630,-350.053,31.209
266.415,-84.497,4546.005,-321.679,-330.302,30.951
242.098,-99.018,4541.747,-324.288,-309.496,29.182
218.123,-106.754,4541.233,-325.774,-289.779,26.493
203.079,-111.300,4527.960,-326.151,-270.260,24.303
195.913,-106.827,4510.111,-325.648,-249.034,22.634
194.215,-96.724,4497.176,-326.047,-225.676,20.994
196.130,-93.420,4499.523,-327.564,-200.416,20.328
189.149,-96.107,4515.871,-330.877,-171.755,19.260
167.463,-98.121,4543.799,-334.211,-138.844,16.711
135.979,-101.784,4576.391,-338.008,-103.371,12.830
97.328,-105.719,4607.571,-341.145,-66.832, 8.147
53.900,-106.207,4636.454,-343.393,-30.296, 2.529
12.897,-105.582,4655.800,-345.202, 5.840,-2.555
-24.206,-104.168,4671.533,-346.338,41.329,-6.099
-56.584,-104.376,4682.568,-346.128,75.525,-8.434
-82.375,-109.099,4686.410,-345.034,110.155,-9.731
-107.821,-111.456,4671.391,-342.174,146.085,-11.125
-139.577,-103.432,4637.521,-337.550,182.898,-13.527
-174.690,-92.382,4588.266,-331.373,219.515,-16.497
-209.111,-87.108,4542.507,-326.750,255.500,-19.072
-238.579,-79.860,4514.674,-321.887,291.636,-20.791
-261.352,-65.483,4508.183,-317.885,326.430,-21.255
-278.410,-48.309,4511.132,-313.409,358.622,-20.541
-294.849,-32.290,4516.409,-309.339,385.252,-19.465
-315.374,-17.402,4527.733,-306.348,406.966,-18.926
-335.250,-7.664,4549.646,-304.879,423.763,-18.673
-341.979, 2.287,4586.068,-305.596,435.421,-17.676
-336.630,10.416,4619.254,-306.070,443.455,-16.735
-325.668, 5.285,4638.266,-306.974,447.687,-16.119
-316.174,-4.266,4624.134,-305.650,448.135,-15.472
-310.321,-6.007,4580.456,-301.865,444.565,-14.683
-304.946,-5.215,4517.914,-297.638,439.332,-14.044
-304.473,-6.931,4451.713,-293.187,433.888,-14.109
-308.718,-7.157,4396.225,-288.959,429.488,-15.540
-336.412,-6.143,4397.009,-286.455,422.813,-17.824
-374.872,43.906,4487.401,-282.943,411.146,-15.020
-359.801,115.429,4542.397,-279.731,405.794,-10.549
-335.840,86.689,4550.172,-278.810,402.342,-15.005
-328.285,28.961,4558.626,-280.792,398.303,-20.194
-307.711, 9.553,4596.893,-286.076,391.444,-19.699
-272.120, 3.220,4650.868,-294.226,381.378,-17.913
-250.816,-11.043,4684.331,-301.278,371.564,-17.074
-238.944,-30.008,4689.140,-307.460,361.818,-16.050
-218.141,-47.208,4671.769,-312.983,351.896,-14.271
-196.928,-63.477,4649.580,-319.859,343.297,-12.014
-189.801,-86.095,4616.489,-326.974,335.797,-11.061
-192.095,-113.002,4566.801,-333.654,327.913,-11.928
-192.318,-143.341,4513.415,-340.105,318.120,-12.335
-187.973,-178.106,4458.887,-346.324,306.832,-11.810
-180.960,-208.509,4413.898,-352.535,294.676,-10.897
-173.190,-234.715,4375.990,-359.181,281.649,-9.697
-165.588,-258.670,4353.242,-365.599,268.381,-8.278
-157.694,-268.164,4356.848,-369.759,254.154,-7.739
-147.350,-258.692,4378.438,-370.110,239.186,-8.590
-133.388,-244.678,4397.816,-367.783,223.761,-9.894
-116.383,-230.498,4407.790,-363.226,207.473,-10.985
-94.750,-210.597,4400.005,-355.777,190.549,-11.205
-70.124,-183.969,4387.582,-347.433,173.192,-11.128
-46.911,-162.514,4375.129,-339.968,154.133,-10.703
-21.534,-149.262,4370.983,-335.384,133.166,-9.946
 4.928,-136.386,4389.223,-334.124,111.544,-8.610
22.528,-117.143,4424.054,-334.184,89.462,-8.724
31.272,-95.211,4460.235,-334.020,67.581,-10.734
41.570,-86.489,4484.444,-334.315,46.592,-12.331
50.721,-84.631,4504.809,-333.055,27.074,-12.426
55.513,-75.903,4520.314,-330.017, 8.390,-12.019
62.304,-66.586,4524.011,-324.302,-10.315,-10.392
72.161,-60.469,4500.438,-314.803,-29.659,-7.248
83.704,-45.997,4454.400,-301.972,-48.364,-3.373
96.690,-14.596,4412.291,-287.118,-67.765, 0.001
112.149,36.274,4388.231,-272.927,-86.135, 2.568
120.462,85.855,4378.444,-259.633,-102.393, 2.591
122.877,114.547,4369.615,-249.700,-117.518, 1.616
130.238,124.657,4373.561,-242.208,-133.286, 1.608
143.879,122.894,4384.507,-237.832,-149.874, 2.554
161.499,116.107,4406.022,-235.891,-168.376, 4.428
184.502,108.653,4443.037,-236.823,-189.228, 7.201
212.349,91.729,4494.260,-240.868,-211.341, 9.827
230.274,65.982,4551.187,-246.923,-232.794,11.242
241.155,49.525,4604.569,-251.434,-251.909,12.381
244.860,55.553,4663.771,-253.518,-266.164,13.623
239.797,77.500,4726.457,-253.606,-277.685,14.885
233.421,87.482,4784.233,-254.155,-287.899,16.459
225.408,77.543,4823.978,-254.952,-296.563,18.415
219.210,73.368,4869.672,-255.975,-304.171,20.820
218.846,77.414,4912.100,-256.336,-311.134,23.217
221.162,74.549,4933.293,-257.166,-317.179,25.214
229.646,67.283,4941.466,-259.125,-323.374,27.138
244.039,62.248,4942.794,-262.428,-329.951,29.129
249.381,55.041,4921.644,-266.424,-335.812,29.255
238.992,43.485,4883.481,-270.011,-338.211,28.717
225.058,40.954,4854.892,-273.613,-337.639,28.120
214.313,45.479,4827.607,-277.896,-335.137,26.816
200.372,37.771,4781.193,-283.116,-329.135,24.557
188.445,17.008,4727.719,-289.267,-318.816,22.133
178.933,-9.779,4703.889,-297.896,-302.756,18.253
164.019,-37.443,4736.832,-310.538,-282.069,11.620
167.612,-51.690,4770.333,-321.853,-259.694, 6.330
195.171,-52.810,4771.009,-329.172,-236.875, 4.917
216.677,-47.853,4746.642,-333.163,-213.405, 4.428
217.794,-40.401,4693.553,-336.268,-191.167, 2.462
196.948,-35.628,4605.909,-338.709,-171.205,-0.478
152.535,-36.626,4495.241,-340.466,-155.264,-4.094
98.113,-41.438,4377.386,-343.529,-144.843,-8.315
57.296,-48.199,4295.315,-348.787,-135.771,-11.425
45.894,-50.055,4289.197,-354.461,-123.050,-12.229
42.738,-45.274,4336.356,-360.336,-107.269,-11.992
32.655,-43.547,4378.476,-366.659,-91.896,-11.245
25.432,-44.367,4419.699,-375.442,-75.842,-11.562
28.711,-48.390,4474.268,-386.220,-60.011,-12.526
35.336,-59.432,4520.610,-397.203,-47.369,-12.838
40.256,-69.459,4545.733,-406.400,-36.415,-13.089
41.117,-71.671,4550.746,-412.256,-26.530,-13.940
43.288,-67.145,4541.648,-416.766,-18.769,-14.284
60.299,-66.197,4546.839,-423.481,-12.733,-12.153
70.885,-75.052,4563.611,-431.966,-7.139,-10.284
59.973,-86.363,4569.426,-439.803, 0.399,-10.711
42.613,-92.222,4564.477,-446.100,10.290,-11.113
33.153,-103.975,4559.608,-451.096,25.300,-10.744
24.325,-111.717,4570.134,-455.004,45.603,-11.150
 6.050,-102.988,4566.431,-454.478,68.446,-12.804
-20.296,-91.978,4535.310,-450.643,94.091,-14.562
-52.949,-84.449,4499.250,-446.831,122.739,-16.281
-90.661,-81.860,4461.942,-445.036,152.913,-18.235
-128.683,-88.042,4426.847,-445.031,183.963,-19.383
-161.693,-97.272,4402.386,-447.030,215.651,-19.436
-187.146,-102.624,4386.291,-449.690,247.114,-18.674
-208.727,-104.833,4380.943,-453.451,277.495,-17.312
-227.287,-103.912,4376.958,-456.966,304.662,-15.670
-238.293,-100.097,4377.742,-460.907,328.838,-13.800
-244.184,-94.547,4385.854,-465.261,348.730,-12.347
-248.517,-84.756,4391.634,-466.453,362.174,-10.925
-252.453,-81.938,4380.758,-464.486,366.248,-10.963
-257.723,-87.426,4382.954,-464.498,367.535,-11.938
-266.682,-92.707,4378.041,-466.730,366.731,-12.548
-275.034,-99.822,4362.372,-470.080,365.751,-12.108
-278.873,-106.809,4351.571,-472.977,364.322,-11.402
-281.985,-102.805,4349.206,-474.755,363.071,-11.122
-282.157,-85.689,4356.486,-476.079,361.365,-10.512
-272.139,-84.469,4375.604,-478.716,357.082,-10.501
-251.192,-104.460,4416.218,-482.649,348.913,-11.008
-237.965,-106.261,4478.096,-486.102,338.111,-11.278
-253.125,-99.597,4545.426,-489.770,326.658,-13.950
-264.919,-104.063,4602.376,-493.676,316.305,-18.204
-249.659,-110.643,4646.969,-497.810,306.190,-20.450
-228.978,-107.729,4682.148,-501.501,296.507,-20.588
-219.620,-102.462,4706.217,-505.436,288.357,-20.402
-211.029,-106.410,4712.499,-509.612,281.324,-20.259
-196.239,-115.919,4704.756,-513.807,275.189,-19.982
-181.732,-122.197,4669.596,-512.873,265.014,-19.321
-171.381,-122.608,4636.655,-511.496,255.258,-18.475
-162.850,-122.797,4610.802,-511.015,247.200,-17.314
-152.243,-123.383,4588.358,-511.208,240.211,-15.517
-139.782,-123.659,4567.088,-513.418,234.322,-12.711
-128.679,-131.717,4542.134,-517.195,228.259,-9.836
-124.856,-148.261,4515.931,-522.090,222.009,-8.433
-129.643,-163.241,4493.223,-526.315,215.955,-8.243
-136.716,-174.400,4474.039,-531.659,210.974,-7.822
-143.966,-186.966,4457.039,-537.461,207.285,-6.985
-154.269,-201.244,4442.481,-542.803,201.874,-7.535
-166.072,-213.504,4423.172,-546.348,194.308,-8.446
-171.332,-224.215,4404.132,-548.533,183.727,-8.606
-166.533,-237.674,4385.149,-550.699,170.157,-7.717
-154.573,-248.587,4375.796,-551.950,154.831,-6.389
-137.386,-249.619,4374.833,-552.529,140.111,-4.595
-115.764,-243.927,4378.710,-552.660,125.799,-2.553
-94.637,-230.236,4388.517,-552.119,112.097,-0.791
-79.466,-213.843,4407.853,-551.578,99.225, 0.032
-68.521,-202.543,4431.820,-551.482,86.775, 0.142
-60.192,-197.376,4452.170,-551.162,73.690,-0.309
-53.732,-190.333,4473.759,-549.272,59.933,-0.857
-48.350,-178.473,4496.564,-546.251,44.230,-1.542
-42.762,-166.640,4518.155,-543.899,27.904,-2.281
-36.561,-156.995,4542.052,-541.542,11.143,-3.134
-29.272,-150.483,4570.706,-539.177,-5.640,-3.526
-19.929,-143.775,4598.196,-535.238,-23.943,-3.231
-9.639,-132.609,4618.517,-528.166,-43.991,-2.120
 4.661,-119.566,4625.790,-519.534,-65.097,-0.154
24.724,-109.225,4621.344,-510.464,-86.175, 1.852
47.908,-103.941,4608.763,-500.731,-107.454, 3.625
69.044,-101.008,4587.867,-490.329,-129.364, 5.600
85.453,-99.190,4559.606,-479.928,-152.107, 7.831
101.083,-100.562,4531.386,-469.956,-177.829, 9.092
121.009,-103.213,4502.231,-460.631,-207.170, 9.874
147.464,-104.986,4470.883,-451.735,-239.487,11.140
179.587,-103.902,4437.143,-443.280,-273.073,13.112
211.459,-96.614,4407.084,-434.599,-306.459,14.898
234.478,-82.588,4385.232,-426.582,-339.647,16.181
250.549,-69.030,4375.038,-419.905,-371.140,16.879
264.094,-59.991,4393.138,-415.915,-398.392,17.344
277.460,-51.497,4416.287,-409.290,-415.907,17.707
286.337,-26.408,4438.414,-400.260,-424.290,16.137
286.670,-2.646,4472.086,-394.388,-427.512,13.763
284.202,-0.190,4502.885,-390.326,-428.546,13.295
284.435,-1.755,4526.625,-385.819,-430.417,13.289
286.014, 3.175,4539.835,-381.094,-433.323,12.676
283.243,12.915,4544.607,-377.496,-435.966,12.878
276.717,29.663,4544.449,-374.357,-438.152,14.010
270.392,45.568,4535.947,-371.895,-440.512,15.509
264.352,53.824,4523.953,-369.670,-441.780,15.754
254.425,62.156,4511.974,-367.446,-443.048,15.205
232.280,83.412,4510.785,-366.355,-439.428,12.548
223.291,105.061,4533.551,-366.163,-431.174,10.693
252.609,107.345,4643.288,-365.317,-412.667, 7.602
234.929,147.831,4715.765,-361.568,-398.590, 2.180
198.640,100.824,4685.963,-359.643,-389.352,10.189
205.839,28.639,4641.862,-357.974,-377.285,17.512
215.892,49.902,4629.508,-352.509,-362.150,15.714
198.404,91.674,4604.771,-346.602,-348.263,13.266
186.499,86.122,4550.941,-342.926,-337.685,13.552
186.869,63.766,4487.906,-341.486,-327.897,13.872
184.245,54.994,4435.704,-341.147,-318.766,13.409
178.942,46.455,4390.593,-341.693,-310.071,12.522
171.719,29.350,4351.323,-344.247,-301.140,11.223
156.926,13.201,4322.681,-347.912,-291.584, 8.817
132.687, 1.830,4306.994,-351.800,-280.564, 5.319
104.541,-5.669,4305.339,-356.134,-268.291, 1.733
82.148,-12.441,4314.432,-361.569,-256.675,-1.002
67.831,-20.657,4346.023,-368.098,-245.748,-2.049
57.798,-24.698,4390.708,-374.387,-235.507,-2.546
50.413,-27.768,4438.981,-380.440,-226.774,-2.824
49.626,-36.546,4480.185,-386.937,-219.295,-2.389
55.152,-45.061,4515.597,-393.651,-213.295,-1.790
61.242,-50.623,4545.244,-400.132,-209.209,-1.495
65.114,-60.354,4565.327,-406.628,-204.238,-1.325
66.769,-75.424,4579.394,-412.899,-199.899,-1.180
64.735,-92.061,4588.690,-419.175,-195.546,-1.681
58.169,-105.617,4598.030,-425.002,-191.204,-2.752
48.085,-117.133,4606.065,-430.611,-186.643,-4.502
37.385,-127.822,4615.242,-436.000,-181.447,-5.877
26.743,-140.871,4633.870,-442.276,-175.839,-6.629
15.735,-155.885,4658.357,-449.212,-170.878,-7.284
 7.800,-170.328,4692.375,-456.133,-167.227,-7.620
 6.568,-179.285,4725.333,-461.494,-163.382,-7.347
 8.700,-179.904,4751.363,-464.615,-160.842,-6.870
 9.401,-180.715,4772.597,-467.748,-157.431,-6.505
10.159,-187.460,4794.989,-469.760,-154.257,-5.953
10.854,-190.214,4813.890,-471.105,-151.297,-5.698
 9.807,-185.401,4823.346,-470.671,-148.338,-5.940
 8.536,-181.610,4822.171,-469.571,-146.000,-6.400
 6.882,-181.024,4815.086,-469.149,-142.998,-6.662
 5.253,-182.221,4804.443,-468.068,-138.926,-6.985
 4.390,-182.673,4787.898,-466.762,-135.486,-7.301
 3.276,-179.316,4769.003,-464.999,-133.337,-7.498
 0.098,-173.534,4749.039,-463.448,-133.104,-7.790
-3.884,-171.373,4729.120,-464.113,-134.978,-8.733
-3.728,-172.658,4708.010,-465.433,-138.767,-8.792
 0.889,-170.588,4691.653,-466.750,-141.727,-7.403
 3.648,-165.281,4681.089,-468.281,-145.763,-5.632
 7.247,-160.923,4680.010,-470.661,-155.365,-3.814
22.309,-157.969,4673.139,-474.130,-170.270,-1.471
47.606,-159.646,4655.870,-478.254,-188.768, 1.175
76.782,-160.663,4633.099,-482.607,-207.029, 2.506
105.248,-154.114,4606.851,-484.981,-221.673, 2.655
124.659,-144.830,4576.834,-485.385,-230.994, 2.022
130.221,-140.060,4540.471,-484.265,-235.403, 1.254
126.567,-134.964,4502.779,-482.949,-235.752,-0.470
120.315,-130.000,4487.639,-483.201,-232.932,-2.719
112.954,-132.002,4487.745,-486.353,-228.614,-4.524
106.735,-137.764,4506.741,-490.839,-223.043,-5.821
99.720,-143.439,4533.820,-495.538,-217.708,-6.168
89.009,-148.991,4561.828,-499.998,-215.154,-5.986
82.331,-149.576,4585.203,-501.317,-216.046,-5.199
88.765,-135.806,4603.167,-499.256,-221.895,-4.236
109.955,-110.315,4604.942,-493.171,-229.909,-2.309
132.592,-89.077,4582.770,-485.790,-233.609, 0.969
145.926,-79.093,4541.335,-477.575,-230.858, 4.457
153.372,-74.252,4492.889,-469.840,-223.383, 6.494
157.964,-70.653,4442.096,-463.470,-212.883, 7.253
149.959,-71.976,4409.817,-459.327,-201.114, 7.560
122.208,-77.268,4400.681,-457.850,-188.938, 7.469
87.309,-83.429,4406.859,-457.914,-178.696, 6.740
64.090,-87.194,4421.648,-458.637,-169.529, 6.132
51.554,-92.937,4440.088,-460.034,-159.292, 6.312
39.093,-103.833,4461.929,-460.770,-147.577, 6.996
23.709,-105.906,4492.198,-460.408,-133.111, 6.241
12.000,-87.549,4537.219,-458.707,-117.837, 3.366
 8.305,-72.691,4586.914,-457.435,-104.706, 1.324
 1.943,-77.493,4621.876,-456.607,-93.662, 0.929
-8.776,-78.414,4639.178,-452.889,-82.831, 0.124
-13.366,-66.355,4636.731,-445.832,-73.061,-1.407
-11.434,-58.253,4611.982,-437.669,-63.894,-3.004
-11.219,-61.707,4581.117,-430.634,-53.626,-4.606
-11.566,-67.136,4556.180,-424.715,-41.871,-6.166
-15.606,-69.484,4542.957,-419.694,-27.999,-7.234
-27.822,-72.089,4535.425,-415.797,-11.782,-8.097
-45.747,-72.970,4533.676,-411.686, 6.762,-8.850
-66.927,-74.010,4540.161,-408.254,27.645,-9.867
-93.578,-80.555,4546.468,-404.846,51.950,-11.493
-122.918,-84.038,4556.315,-400.766,76.027,-13.529
-151.102,-80.346,4569.902,-396.009,99.441,-15.740
-175.191,-77.719,4582.289,-391.459,120.505,-17.163
-194.122,-79.363,4588.757,-387.568,139.670,-17.653
-206.891,-83.502,4591.885,-383.441,156.911,-17.623
-215.414,-84.720,4591.530,-378.642,173.930,-17.472
-224.002,-82.363,4581.731,-372.507,190.102,-17.410
-235.095,-77.156,4566.087,-365.253,205.627,-17.654
-247.647,-71.748,4549.166,-358.211,219.236,-17.793
-259.171,-66.332,4531.092,-351.380,230.504,-18.091
-268.246,-60.750,4520.184,-345.415,238.772,-18.124
-273.615,-57.612,4514.070,-340.329,245.335,-18.160
-275.872,-55.112,4512.728,-336.122,250.191,-17.992
-276.101,-52.045,4511.465,-332.352,253.768,-17.555
-274.291,-48.015,4509.045,-328.791,255.003,-16.637
-271.868,-44.411,4509.029,-326.552,253.689,-15.986
-269.846,-42.776,4506.702,-324.744,249.825,-15.767
-265.337,-44.798,4509.140,-323.806,242.971,-15.884
-257.922,-51.402,4511.627,-323.290,232.699,-15.862
-247.225,-59.006,4516.541,-322.745,218.994,-15.261
-232.064,-64.876,4515.619,-320.623,202.500,-13.857
-212.254,-68.806,4508.856,-317.803,181.517,-12.180
-189.421,-70.948,4498.714,-313.382,154.744,-10.285
-160.287,-71.982,4481.707,-308.925,122.001,-8.434
-124.371,-76.894,4471.951,-305.315,83.269,-6.280
-81.524,-80.065,4469.457,-302.550,39.382,-3.748
-35.019,-79.096,4472.993,-300.872,-8.138,-0.508
14.374,-83.174,4476.507,-300.513,-58.630, 3.082
65.453,-93.080,4483.571,-302.591,-111.445, 6.382
115.295,-103.612,4489.510,-305.773,-166.587, 8.989
162.583,-107.796,4479.030,-308.516,-222.121,10.670
205.607,-99.003,4460.475,-309.728,-274.022,11.093
237.251,-79.114,4440.776,-309.872,-318.881, 9.347
258.830,-53.546,4432.801,-310.957,-355.213, 6.620
281.330,-27.579,4451.915,-314.092,-382.815, 4.639
298.344, 2.976,4497.914,-317.017,-405.157, 3.469
305.974,34.132,4543.708,-318.189,-422.399, 2.613
310.225,55.210,4582.031,-317.158,-436.235, 2.554
314.844,62.141,4608.215,-314.814,-447.493, 3.482
321.234,56.288,4618.849,-311.825,-456.795, 5.623
329.768,42.227,4617.500,-307.971,-463.933, 8.729
338.080,27.536,4607.797,-303.469,-468.706,11.833
342.595,25.000,4593.679,-298.545,-470.479,13.247
344.704,37.605,4591.570,-294.079,-469.706,13.412
346.513,62.566,4612.080,-290.735,-465.767,12.633
345.443,64.822,4674.100,-291.410,-457.176,16.766
360.906,30.079,4773.529,-296.096,-446.054,24.696
378.811, 7.057,4851.286,-301.014,-436.358,27.765
355.406, 4.359,4873.234,-300.400,-425.951,26.209
325.221, 9.992,4844.398,-294.698,-414.835,23.316
326.683,12.512,4780.801,-287.679,-404.496,20.795
333.245,16.332,4700.669,-279.333,-394.131,18.912
320.968,20.109,4620.209,-270.550,-382.070,16.178
298.147,17.292,4546.517,-262.670,-367.871,12.877
272.956,10.758,4491.739,-257.017,-351.988, 9.824
247.449, 3.911,4464.081,-252.917,-334.656, 7.404
224.907,-6.328,4465.881,-252.146,-316.713, 5.870
210.010,-19.271,4486.651,-253.153,-297.938, 4.854
200.691,-33.282,4513.298,-253.952,-276.404, 4.573
187.921,-46.425,4539.844,-253.888,-250.604, 4.137
169.529,-52.332,4555.783,-251.404,-220.749, 3.046
147.962,-51.652,4562.309,-248.044,-189.600, 1.670
123.453,-45.508,4560.470,-242.677,-159.100, 0.901
95.241,-37.744,4553.822,-237.765,-127.726, 0.244
64.826,-35.359,4539.979,-233.307,-95.899,-0.550
33.631,-38.002,4527.182,-231.315,-62.963,-1.735
-0.802,-42.952,4520.140,-229.991,-29.392,-3.037
-38.289,-48.917,4509.686,-229.345, 4.000,-5.402
-71.687,-55.797,4495.816,-229.369,37.197,-7.770
-98.735,-60.606,4484.448,-229.853,72.533,-9.700
-127.016,-61.199,4484.803,-232.129,110.425,-11.242
-155.701,-59.983,4495.742,-235.958,148.520,-11.984
-183.220,-53.200,4510.376,-239.997,185.109,-12.591
-209.842,-37.467,4525.113,-243.566,218.273,-13.577
-231.413,-16.430,4543.547,-247.770,246.521,-14.221
-243.535, 3.662,4567.997,-254.402,271.162,-13.914
-251.284,19.475,4594.923,-262.819,295.403,-13.098
-260.262,31.425,4603.987,-272.371,319.933,-12.666
-268.771,32.731,4595.295,-281.259,343.010,-12.763
-277.198,25.964,4580.692,-288.112,362.003,-12.532
-290.012,22.377,4557.704,-292.030,376.045,-11.757
-307.352,13.704,4525.148,-294.139,385.807,-12.172
-322.696,-13.531,4485.649,-295.779,391.726,-14.684
-326.410,-35.312,4453.525,-296.486,393.327,-15.529
-321.054,-17.271,4448.895,-298.239,388.232,-11.847
-303.903,34.616,4493.120,-302.352,375.544,-5.619
-289.633,45.157,4581.254,-308.854,357.857,-7.099
-319.608,-23.425,4669.604,-316.929,340.849,-16.743
-342.683,-106.369,4722.506,-325.033,323.098,-24.866
-305.976,-112.811,4759.352,-327.072,299.927,-25.888
-263.644,-71.015,4786.716,-323.747,275.823,-21.818
-246.083,-55.911,4782.404,-318.690,256.480,-18.624
-223.165,-53.767,4736.808,-311.664,238.289,-16.122
-187.335,-36.800,4670.387,-303.309,219.280,-12.700
-159.056,-23.729,4595.443,-295.644,202.230,-9.668
-143.111,-24.203,4523.553,-289.551,186.696,-7.236
-133.037,-26.559,4463.459,-285.687,171.598,-5.184
-125.147,-30.657,4423.465,-283.819,156.269,-3.883
-116.759,-41.574,4401.139,-286.175,139.896,-3.140
-105.421,-54.661,4403.632,-290.518,122.847,-2.035
-94.455,-66.771,4418.022,-297.534,106.235,-1.086
-85.109,-78.689,4441.906,-306.339,90.491,-0.611
-74.328,-90.448,4469.342,-315.819,75.817,-0.450
-62.935,-101.862,4494.452,-326.197,61.592,-0.026
-51.114,-113.530,4516.030,-337.265,49.321, 0.243
-39.712,-125.379,4536.343,-347.669,38.107, 0.565
-28.341,-132.827,4559.167,-357.629,27.729, 0.905
-16.638,-133.472,4585.528,-365.578,17.946, 1.592
-5.170,-132.918,4604.739,-372.199, 9.020, 2.553
 5.510,-135.724,4614.495,-377.938, 0.531, 3.232
15.561,-140.324,4615.916,-382.119,-8.172, 3.479
23.335,-143.313,4615.018,-385.419,-15.596, 2.939
27.209,-145.638,4609.294,-387.392,-22.167, 2.082
27.353,-143.888,4603.564,-388.032,-27.480, 1.032
25.179,-135.489,4601.354,-387.559,-32.177, 0.013
21.346,-124.462,4602.618,-386.865,-36.242,-1.365
18.191,-119.440,4601.510,-387.065,-40.291,-2.399
17.389,-122.234,4602.718,-388.608,-43.891,-3.150
18.884,-128.646,4606.332,-389.699,-47.514,-3.656
23.048,-133.449,4612.398,-389.900,-50.304,-3.782
28.374,-132.691,4617.280,-388.542,-52.475,-3.779
33.617,-127.360,4618.702,-386.074,-54.437,-4.439
39.287,-124.689,4616.477,-384.280,-56.587,-5.379
43.829,-130.937,4611.903,-383.370,-60.002,-6.305
45.342,-140.132,4607.234,-383.802,-63.391,-7.455
45.790,-145.718,4602.613,-384.229,-67.213,-8.220
46.414,-146.870,4606.222,-383.084,-71.300,-8.493
48.032,-144.590,4618.096,-381.257,-76.063,-8.642
49.208,-139.697,4631.194,-378.762,-80.203,-8.936
49.922,-130.417,4643.253,-374.707,-84.148,-9.951
50.392,-120.776,4650.550,-370.210,-88.508,-11.335
52.294,-110.734,4651.985,-365.489,-93.499,-12.345
55.406,-98.311,4648.699,-359.878,-98.491,-13.027
60.337,-85.947,4640.613,-354.714,-103.892,-13.339
66.934,-75.414,4628.935,-349.776,-109.490,-12.972
72.332,-68.298,4614.898,-346.186,-114.203,-12.672
73.845,-63.121,4599.550,-343.262,-119.122,-12.542
74.155,-58.334,4583.050,-341.461,-123.379,-12.310
74.311,-57.349,4567.614,-340.781,-126.976,-11.673
72.852,-58.739,4554.465,-340.547,-130.148,-11.152
70.165,-57.662,4546.020,-339.868,-132.487,-10.091
67.879,-56.200,4535.228,-339.189,-134.823,-8.924
68.317,-59.188,4530.302,-339.627,-136.513,-7.618
72.858,-61.044,4526.613,-339.844,-137.994,-5.670
79.598,-56.308,4527.767,-339.166,-139.078,-3.478
86.896,-49.997,4523.024,-337.376,-139.951,-1.330
91.352,-48.275,4508.666,-336.046,-139.936, 0.743
91.151,-49.079,4491.864,-335.172,-139.049, 2.588
90.139,-52.094,4473.825,-335.412,-138.357, 4.368
90.632,-59.904,4460.602,-336.539,-138.514, 6.078
92.400,-72.962,4446.240,-339.673,-138.852, 7.552
95.016,-87.637,4430.750,-343.028,-139.824, 8.596
97.015,-101.711,4423.394,-347.937,-141.007, 9.639
97.220,-118.548,4420.790,-353.744,-141.332,10.405
97.029,-135.001,4424.221,-360.217,-141.446,10.857
97.437,-148.055,4438.333,-367.349,-141.797,11.429
97.828,-159.698,4458.239,-375.151,-141.513,12.169
97.835,-171.504,4481.765,-382.291,-139.751,12.748
96.618,-183.072,4507.588,-389.427,-138.000,13.382
93.954,-194.203,4536.943,-396.339,-135.626,14.071
88.803,-201.891,4566.300,-401.911,-133.694,14.299
83.331,-198.787,4595.844,-404.803,-132.230,13.779
79.205,-193.328,4612.438,-405.253,-130.547,12.272
73.202,-188.619,4621.823,-403.928,-128.019,10.285
65.935,-180.103,4622.900,-401.046,-125.705, 8.787
61.378,-176.258,4618.224,-398.389,-123.587, 7.799
57.875,-175.417,4608.790,-395.738,-121.030, 6.798
53.939,-173.566,4593.356,-392.425,-118.250, 5.960
49.616,-173.902,4581.456,-389.331,-115.269, 4.952
45.127,-176.802,4571.912,-386.240,-111.442, 4.144
41.678,-178.714,4561.287,-382.482,-107.405, 3.553
40.445,-178.033,4552.993,-377.827,-103.818, 2.972
38.328,-174.352,4545.718,-372.056,-100.036, 2.458
36.573,-165.022,4540.898,-364.930,-97.997, 2.605
38.845,-151.594,4530.377,-357.122,-97.884, 2.826
41.768,-143.146,4512.739,-348.424,-98.193, 2.919
41.478,-142.020,4491.429,-339.507,-98.279, 2.288
36.923,-140.378,4476.040,-329.923,-97.748, 1.605
34.165,-134.956,4465.362,-319.894,-95.959, 1.153
34.089,-129.792,4458.185,-309.650,-93.106, 0.910
33.206,-124.004,4459.367,-299.627,-89.633, 0.194
30.072,-117.526,4466.412,-288.481,-86.410,-0.307
25.765,-114.458,4485.221,-275.079,-84.548,-1.037
20.500,-98.960,4508.949,-258.987,-83.600,-2.556
18.745,-71.402,4519.841,-240.443,-83.299,-3.542
19.449,-48.145,4508.226,-221.256,-81.874,-4.281
19.160,-27.682,4488.159,-202.306,-79.352,-4.455
17.619,-8.457,4457.510,-184.032,-76.584,-4.739
17.402, 1.948,4413.764,-166.890,-73.541,-4.743
17.054, 4.293,4361.685,-151.762,-71.079,-4.948
16.241,11.211,4308.485,-137.297,-69.672,-5.608
16.946,28.259,4255.488,-121.933,-69.138,-5.848
19.200,53.303,4209.565,-106.108,-69.488,-5.308
18.963,82.592,4171.847,-91.386,-70.493,-4.273
17.183,105.543,4143.492,-77.556,-70.654,-3.483
15.972,118.166,4128.088,-65.726,-71.028,-2.846
13.396,129.725,4132.792,-54.532,-73.381,-2.055
 7.777,136.729,4138.568,-43.124,-74.667,-1.709
 5.627,143.628,4140.894,-32.386,-76.148,-1.206
14.280,155.697,4138.662,-22.537,-78.884, 0.702
27.527,155.469,4121.036,-14.697,-83.466, 2.821
41.095,139.369,4079.654,-8.655,-89.234, 4.228
52.324,125.962,4017.189,-3.956,-96.635, 4.642
58.854,127.088,3935.996, 1.170,-103.559, 4.013
61.494,123.588,3842.884, 4.497,-109.992, 3.153
61.130,98.402,3752.996, 5.785,-112.332, 1.818
60.638,75.687,3687.882, 7.724,-110.246, 0.442
59.729,97.062,3646.846,11.453,-105.692,-0.992
52.094,134.818,3616.493,13.607,-98.363,-2.770
43.061,136.974,3609.243,10.418,-91.007,-3.975
41.465,104.852,3644.190, 0.588,-86.243,-2.909
46.538,69.148,3699.214,-11.208,-84.722, 0.467
55.170,39.322,3741.475,-23.210,-86.803, 3.980
59.977,15.297,3758.991,-32.313,-91.211, 5.769
61.931,-1.598,3732.925,-37.192,-97.918, 6.483
66.747,-5.014,3683.563,-37.173,-105.489, 6.894
68.655,19.203,3659.349,-35.139,-111.656, 5.580
59.582,60.341,3678.915,-34.225,-112.999, 1.226
49.808,78.748,3715.841,-38.026,-108.964,-2.653
40.023,69.616,3764.032,-48.564,-98.012,-3.699
27.622,50.990,3850.859,-66.467,-82.569,-2.253
23.041,23.496,3993.168,-92.147,-66.091, 1.006
33.018,-22.298,4156.858,-121.779,-56.878, 4.976
51.236,-66.335,4278.499,-148.707,-56.562, 6.785
52.485,-70.156,4364.249,-169.161,-60.733, 2.805
26.301,-39.481,4461.924,-186.954,-61.546,-5.728
-4.990,-28.638,4557.756,-205.460,-56.146,-12.554
-23.779,-50.038,4637.654,-224.243,-44.079,-14.558
-21.402,-70.490,4723.445,-241.909,-30.564,-11.107
-1.785,-66.324,4852.212,-259.950,-21.456,-4.626
14.737,-60.855,5003.566,-278.609,-18.159,-0.519
20.938,-85.664,5092.159,-293.938,-20.074,-1.055
12.671,-118.178,5093.174,-301.298,-23.137,-5.283
-5.188,-132.959,5013.934,-299.805,-23.555,-10.381
-15.972,-132.615,4867.402,-290.122,-20.719,-13.660
-17.853,-126.665,4679.411,-274.922,-12.941,-14.425
-16.448,-107.912,4535.112,-261.300, 3.063,-12.696
-4.884,-59.631,4577.819,-260.946,22.588,-7.120
14.907,-16.826,4809.663,-276.026,35.838,-0.244
17.213,-23.494,5063.568,-297.063,39.523, 1.526
-4.036,-53.139,5222.791,-312.790,38.698,-2.587
-31.801,-74.135,5267.418,-318.539,34.407,-7.933
-53.063,-100.033,5192.607,-313.851,24.937,-12.350
-69.350,-136.245,4998.508,-300.550,15.029,-17.501
-84.686,-152.093,4753.814,-281.325,14.366,-23.344
-86.769,-126.411,4569.764,-263.237,24.865,-24.809
-61.927,-73.467,4552.414,-255.961,37.396,-18.943
-21.887,-57.481,4652.939,-261.493,42.955,-10.338
 5.513,-86.914,4743.669,-269.229,42.177,-5.074
 4.799,-106.890,4780.071,-271.643,39.767,-4.642
-14.960,-113.193,4713.482,-264.533,36.854,-6.744
-32.912,-115.356,4552.384,-249.915,34.943,-9.038
-48.654,-123.644,4342.936,-231.991,33.760,-11.728
-80.116,-127.454,4165.158,-214.781,42.124,-16.201
-105.888,-101.892,4088.043,-201.352,59.890,-18.789
-93.002,-62.236,4072.950,-190.511,72.377,-16.216
-66.697,-28.412,4076.825,-181.369,74.572,-11.765
-46.841,-3.962,4115.171,-175.947,69.673,-10.003
-29.857, 2.441,4184.195,-174.934,60.057,-10.440
-24.688,-18.332,4223.238,-174.615,50.324,-11.862
-32.507,-47.875,4175.759,-168.792,41.820,-14.761
-47.922,-45.786,4077.778,-157.915,39.153,-18.776
-53.287,-21.727,4003.570,-147.498,41.551,-20.512
-40.149,-15.777,3953.990,-138.612,42.404,-18.577
-17.699,-9.416,3942.382,-131.453,39.322,-14.999
11.735,15.075,3948.800,-123.571,31.674,-10.380
42.060,31.921,3974.048,-115.188,17.982,-5.850
63.609,51.406,4045.670,-108.747,-0.298,-4.326
63.470,81.757,4178.656,-106.284,-17.829,-5.828
40.300,92.035,4361.788,-109.392,-31.345,-9.496
 6.546,67.431,4572.714,-117.891,-37.154,-13.117
-7.082,10.861,4809.347,-129.980,-36.999,-12.917
14.455,-50.573,5070.056,-144.259,-39.877,-8.442
57.849,-103.741,5339.668,-157.832,-46.853,-3.392
96.423,-141.724,5531.380,-164.356,-49.861, 0.509
106.776,-141.325,5661.486,-162.924,-48.116, 2.363
83.450,-114.602,5800.711,-158.817,-45.152, 1.049
50.365,-94.861,5949.218,-154.701,-43.480,-2.205
28.509,-106.804,6112.964,-154.374,-41.147,-5.022
28.635,-150.406,6315.508,-157.365,-38.239,-4.015
46.810,-201.318,6558.293,-163.003,-34.983, 0.718
62.408,-257.772,6812.991,-170.863,-31.725, 4.207
61.811,-335.105,7048.408,-179.188,-28.402, 5.476
51.855,-416.057,7277.940,-184.637,-21.898, 5.294
36.434,-455.726,7473.585,-181.418,-13.937, 3.561
10.467,-448.290,7601.988,-167.749,-7.025, 1.196
-23.441,-408.918,7658.308,-143.631,-1.581,-0.911
-43.359,-332.009,7666.639,-111.726, 2.379,-1.404
-44.041,-239.418,7660.082,-79.165, 6.163,-1.182
-41.109,-160.575,7642.848,-51.301, 9.421,-1.604
-43.137,-97.165,7618.427,-30.587,12.809,-2.629
-45.199,-46.782,7598.681,-16.106,14.145,-3.609
-43.915,-2.350,7568.232,-6.313,14.512,-3.295
-44.764,46.215,7521.211, 1.250,13.240,-2.061
-52.596,96.030,7472.926, 5.919,10.944,-1.037
-55.591,134.811,7429.301, 7.918, 8.244, 0.890
-51.479,165.906,7397.426, 8.572, 7.247, 3.414
-47.572,197.405,7363.341,10.115, 6.672, 5.573
-43.138,217.767,7335.140,12.331, 5.439, 6.623
-41.114,233.118,7310.322,17.903, 3.926, 7.330
-35.708,260.285,7285.550,27.497, 1.920, 9.783
-21.175,300.763,7276.437,40.012,-0.401,13.888
-3.074,317.218,7295.341,52.102,-2.368,18.356
10.625,288.750,7329.003,68.435,-3.370,22.346
22.758,273.002,7357.098,93.014,-3.409,24.596
29.932,294.234,7379.900,125.848,-2.926,22.943
24.137,338.047,7399.251,162.921,-2.289,19.171
12.207,405.110,7439.991,199.113,-0.846,15.877
20.730,480.588,7503.532,231.975, 0.375,15.277
44.234,556.760,7569.588,261.268, 1.642,16.694
51.475,637.654,7607.037,288.741, 4.726,17.175
31.730,716.426,7577.889,310.809, 7.646,15.418
-1.951,780.111,7475.062,329.240,11.262,12.051
-38.800,795.272,7269.710,347.503,21.674, 5.603
-70.331,733.831,6839.590,351.781,28.643,-4.421
-79.516,619.688,6173.473,340.714,33.089,-14.514
-65.355,485.914,5269.040,314.249,40.184,-21.559
-42.514,320.095,4076.014,266.950,55.714,-24.773
