31.758,-49.547,4548.399,-126.751,-13.704, 0.570
36.024,-51.280,4528.311,-127.427,-14.713, 1.569
41.368,-59.466,4491.666,-127.222,-16.110, 1.848
45.421,-65.661,4450.343,-126.572,-17.930, 1.715
45.766,-64.938,4432.756,-126.347,-19.814, 1.190
43.492,-61.311,4449.418,-128.560,-20.683, 0.521
42.970,-66.234,4476.610,-131.429,-22.213, 0.181
43.892,-73.185,4494.342,-133.854,-24.577, 0.097
43.298,-72.146,4509.827,-135.387,-26.952,-0.324
43.099,-73.119,4514.586,-136.260,-29.091,-0.646
44.758,-77.931,4502.782,-135.808,-31.204,-0.774
50.039,-78.023,4488.736,-134.454,-34.611,-0.458
55.891,-75.944,4472.406,-132.649,-38.875,-0.445
57.818,-72.219,4447.695,-130.194,-41.624,-0.690
56.676,-65.431,4432.388,-127.749,-41.411,-0.922
55.625,-61.418,4431.226,-126.200,-39.510,-0.534
56.068,-58.995,4446.526,-126.427,-37.198, 0.427
55.895,-52.048,4498.570,-128.608,-38.173, 1.253
56.608,-48.598,4580.242,-132.750,-42.836, 1.324
56.782,-52.396,4646.543,-137.128,-47.659, 0.775
56.265,-57.293,4674.907,-139.318,-50.698, 0.222
56.457,-58.480,4672.600,-138.857,-52.838,-0.259
58.833,-55.983,4652.590,-137.300,-54.304,-0.301
60.597,-57.892,4608.949,-133.977,-55.306,-0.733
58.853,-61.218,4545.034,-129.574,-53.908,-1.384
56.642,-58.947,4484.629,-124.956,-50.604,-1.583
56.492,-49.043,4452.679,-121.209,-46.943,-1.009
56.440,-39.013,4471.600,-121.211,-44.432,-0.219
55.097,-37.660,4527.131,-124.958,-44.748, 0.264
50.994,-42.817,4595.726,-130.254,-46.137,-0.396
47.929,-52.637,4640.656,-134.678,-47.048,-1.396
47.003,-62.427,4636.964,-136.246,-46.796,-1.655
46.755,-65.914,4594.389,-133.607,-46.284,-2.095
46.581,-64.299,4526.996,-128.981,-45.096,-2.669
46.778,-59.149,4457.294,-124.369,-42.190,-3.120
47.418,-49.724,4418.258,-120.630,-38.504,-2.546
48.382,-43.984,4411.115,-120.208,-35.502,-1.461
50.514,-47.169,4427.608,-121.536,-35.103,-0.629
49.199,-46.786,4482.033,-125.493,-37.759,-0.628
45.207,-41.533,4560.194,-130.323,-40.894,-1.398
43.940,-43.948,4628.904,-135.612,-43.141,-2.043
44.556,-58.870,4653.592,-139.385,-43.788,-2.271
45.058,-72.131,4626.220,-139.637,-43.061,-2.335
44.300,-68.272,4580.129,-136.778,-41.910,-2.582
42.710,-60.204,4534.110,-133.038,-39.482,-2.756
41.831,-59.891,4499.740,-131.081,-35.781,-2.435
43.056,-61.558,4487.806,-130.661,-33.190,-1.808
45.346,-61.579,4498.527,-131.325,-32.993,-1.543
45.389,-59.283,4532.916,-133.290,-35.412,-1.796
44.643,-56.781,4580.308,-136.812,-37.622,-2.207
44.937,-56.675,4631.271,-140.997,-40.052,-2.576
44.113,-67.922,4664.296,-144.097,-40.093,-2.840
40.332,-77.868,4655.757,-144.356,-36.423,-3.259
35.275,-70.757,4612.933,-141.307,-30.360,-3.018
32.598,-60.303,4554.782,-136.263,-24.073,-2.174
31.652,-57.829,4497.895,-131.869,-20.135,-1.476
29.917,-58.934,4443.371,-128.352,-18.750,-1.537
26.586,-57.940,4414.986,-126.153,-17.418,-1.903
24.701,-54.946,4418.527,-126.377,-16.784,-2.205
24.358,-56.890,4444.502,-128.144,-16.826,-2.214
24.502,-64.000,4471.669,-130.576,-17.501,-2.355
25.415,-65.947,4497.763,-132.785,-17.965,-2.470
25.413,-63.934,4513.125,-133.888,-18.204,-2.882
24.200,-66.117,4510.759,-134.337,-18.190,-3.051
24.410,-71.789,4483.483,-133.689,-18.335,-2.813
26.611,-73.691,4445.606,-131.482,-19.115,-2.612
29.144,-70.823,4409.010,-128.600,-20.130,-2.597
28.823,-61.884,4402.079,-127.268,-19.707,-2.871
26.528,-50.402,4440.053,-128.588,-18.083,-3.345
23.408,-52.395,4500.252,-132.354,-15.414,-3.302
23.034,-62.011,4548.555,-135.681,-13.144,-2.712
26.052,-69.182,4576.788,-138.344,-12.325,-2.218
27.540,-72.579,4583.997,-138.777,-13.620,-2.445
25.276,-74.579,4568.727,-137.670,-14.231,-3.458
23.975,-78.069,4522.538,-134.810,-13.504,-3.950
23.441,-78.399,4460.950,-130.403,-12.117,-3.794
21.636,-70.674,4417.245,-126.203,-10.993,-3.706
19.661,-61.280,4409.000,-124.199,-10.794,-3.875
19.687,-60.622,4423.169,-124.187,-10.834,-3.714
19.183,-66.733,4438.522,-124.405,-9.805,-3.848
18.854,-69.244,4459.766,-124.848,-8.144,-3.806
19.695,-65.753,4492.783,-124.828,-7.382,-3.314
22.195,-65.662,4518.753,-124.353,-8.321,-2.997
23.271,-69.966,4522.264,-121.879,-10.719,-3.071
21.982,-68.918,4503.400,-117.420,-12.018,-3.649
20.783,-57.717,4481.082,-111.859,-11.827,-4.282
22.669,-45.750,4465.859,-105.847,-11.239,-4.333
24.001,-36.906,4463.457,-101.833,-10.447,-3.605
23.539,-32.076,4466.992,-98.941,-8.576,-3.370
22.088,-26.172,4483.509,-97.153,-6.941,-3.027
19.795,-15.622,4518.912,-96.686,-5.768,-2.609
18.010,-8.813,4580.394,-98.420,-6.341,-2.154
18.420,-14.784,4642.992,-101.262,-7.969,-1.972
18.143,-23.432,4671.259,-102.564,-10.165,-2.117
17.342,-26.406,4667.709,-101.887,-12.085,-2.715
18.701,-25.082,4640.589,-99.445,-13.116,-3.134
21.073,-22.170,4612.323,-95.889,-13.949,-2.961
23.020,-18.663,4587.511,-93.451,-14.134,-2.626
24.378,-14.501,4578.083,-91.674,-13.711,-2.499
26.025,-13.488,4584.051,-91.444,-13.523,-2.018
27.737,-16.074,4600.633,-93.214,-13.970,-1.341
29.658,-18.243,4627.879,-95.640,-15.079,-1.351
32.776,-17.406,4661.066,-98.720,-17.693,-1.398
33.835,-17.549,4690.709,-101.567,-22.223,-1.611
33.087,-25.948,4690.701,-103.329,-25.616,-2.392
33.553,-36.825,4655.289,-102.903,-26.804,-2.866
34.502,-39.564,4602.040,-100.047,-26.060,-2.350
35.821,-38.523,4547.496,-96.974,-24.672,-1.341
37.184,-37.643,4515.586,-94.552,-23.550,-0.914
38.402,-38.663,4508.488,-94.106,-23.969,-0.865
39.100,-44.621,4515.614,-95.431,-25.250,-1.051
39.188,-48.957,4534.440,-97.644,-26.122,-1.178
39.403,-49.140,4550.956,-99.406,-27.428,-1.074
38.581,-46.499,4566.388,-100.502,-28.524,-1.008
37.333,-43.300,4571.195,-101.384,-29.381,-1.101
36.715,-41.483,4575.933,-101.822,-30.240,-1.093
35.037,-41.290,4571.210,-102.271,-30.224,-1.459
34.000,-41.107,4565.256,-102.065,-28.708,-1.669
34.463,-44.731,4553.274,-101.652,-25.259,-1.158
34.723,-51.570,4531.775,-100.796,-22.643,-0.399
34.303,-55.408,4506.857,-99.263,-21.523,-0.364
32.798,-51.623,4495.102,-97.486,-21.939,-1.300
30.091,-44.578,4511.830,-97.916,-22.829,-2.324
24.842,-45.024,4542.567,-99.242,-21.605,-3.225
19.854,-50.485,4564.796,-101.257,-18.848,-3.306
18.503,-54.029,4575.319,-101.938,-16.087,-3.060
18.499,-54.261,4571.792,-102.170,-15.428,-3.008
17.822,-49.302,4565.873,-101.513,-14.773,-3.619
18.772,-43.959,4561.229,-100.630,-13.916,-3.697
20.968,-40.459,4550.634,-100.422,-13.244,-3.519
20.933,-40.320,4535.174,-100.219,-12.134,-3.255
19.066,-40.964,4516.170,-99.799,-10.800,-3.365
15.554,-34.345,4519.759,-100.487,-8.015,-3.653
10.171,-22.861,4549.221,-102.504,-3.575,-3.652
 8.647,-25.226,4578.592,-106.305, 0.468,-2.923
11.954,-39.036,4602.183,-111.650, 0.919,-2.248
12.092,-50.047,4610.455,-115.432,-0.535,-3.411
 7.822,-56.270,4603.381,-117.673,-0.895,-5.343
 4.163,-62.111,4582.049,-118.599, 0.899,-6.376
 2.120,-67.371,4552.377,-117.529, 3.751,-6.293
 2.252,-68.099,4512.074,-115.338, 5.113,-5.982
 2.085,-58.973,4479.071,-111.785, 4.293,-6.046
-1.409,-41.787,4470.991,-108.892, 4.487,-6.917
-7.282,-28.301,4483.909,-107.781, 6.784,-7.435
-7.072,-23.068,4501.553,-108.009, 9.517,-6.300
-2.327,-22.708,4515.718,-109.335, 9.494,-4.764
 1.810,-26.349,4520.506,-110.652, 6.934,-4.462
 1.852,-32.404,4505.340,-111.319, 4.636,-5.548
 0.383,-36.467,4474.605,-110.446, 3.857,-6.253
 2.805,-40.570,4439.129,-108.685, 3.501,-5.954
 7.525,-47.125,4407.237,-108.036, 2.937,-5.189
10.993,-50.796,4385.900,-106.698, 0.837,-4.836
 9.517,-48.346,4387.043,-105.571,-0.258,-4.774
 6.816,-42.860,4398.775,-104.672, 0.122,-4.644
 7.043,-40.169,4409.389,-103.545, 0.282,-3.470
 9.076,-36.148,4416.392,-102.200, 0.240,-2.079
 8.833,-31.481,4425.842,-101.287,-1.092,-1.318
 5.528,-28.980,4430.503,-100.389,-1.120,-1.304
 1.444,-28.486,4433.845,-100.173, 0.361,-0.882
-0.168,-29.028,4431.290,-99.738, 2.068, 0.330
-0.774,-27.412,4432.402,-99.963, 2.705, 1.445
-0.806,-24.386,4435.942,-99.729, 1.622, 1.725
-0.826,-24.771,4438.385,-99.706,-1.379, 0.771
 1.395,-22.778,4443.244,-99.679,-4.814, 0.622
 5.020,-16.627,4455.255,-100.093,-7.838, 0.916
 6.840,-13.428,4470.722,-101.620,-10.646, 1.303
 6.057,-14.776,4486.002,-103.604,-12.161, 1.772
 5.071,-14.294,4503.714,-106.033,-13.675, 2.358
 5.287,-11.485,4528.629,-109.788,-16.046, 2.530
 8.632,-14.527,4553.619,-114.874,-19.681, 2.675
10.807,-28.180,4548.895,-118.871,-23.029, 2.612
11.047,-40.694,4503.890,-119.786,-24.605, 2.500
10.900,-38.479,4450.777,-118.704,-25.123, 2.511
12.527,-27.500,4416.738,-118.490,-26.963, 2.619
16.118,-23.261,4408.737,-121.365,-31.393, 2.325
21.890,-27.175,4426.783,-126.884,-37.990, 1.835
25.943,-41.042,4448.265,-133.969,-43.927, 0.820
27.386,-61.490,4447.138,-139.083,-47.051,-0.228
28.885,-71.378,4433.038,-141.757,-48.690,-0.589
31.689,-69.518,4410.692,-142.430,-50.122, 0.162
33.011,-65.441,4387.231,-142.431,-52.201, 0.288
33.331,-63.765,4367.294,-143.097,-54.493,-0.390
33.716,-69.855,4344.857,-143.768,-56.774,-1.156
33.912,-75.509,4318.855,-143.774,-58.418,-1.554
36.049,-69.637,4303.648,-143.993,-60.302,-1.898
39.032,-61.085,4325.239,-145.286,-64.196,-2.384
40.921,-58.413,4372.775,-148.791,-68.130,-3.110
39.420,-64.475,4411.885,-152.983,-70.530,-3.932
37.918,-72.201,4430.761,-156.099,-69.681,-4.341
41.646,-75.475,4434.349,-157.213,-69.040,-3.615
48.195,-75.810,4432.157,-158.092,-70.738,-2.923
52.871,-72.491,4441.882,-159.840,-75.016,-3.330
54.493,-70.740,4455.172,-162.256,-79.081,-4.327
55.159,-77.604,4452.901,-164.480,-80.745,-5.257
56.242,-87.262,4437.553,-165.602,-81.333,-5.354
59.511,-87.951,4429.317,-166.269,-82.372,-4.667
65.349,-78.864,4430.670,-166.471,-84.732,-3.724
68.938,-70.343,4439.170,-167.113,-87.530,-3.630
71.541,-63.971,4459.374,-169.086,-89.916,-3.441
74.601,-59.971,4486.677,-171.500,-92.314,-2.839
77.936,-60.360,4510.365,-174.139,-94.912,-1.889
81.948,-68.979,4524.591,-177.228,-98.329,-1.719
84.301,-82.224,4512.755,-178.561,-100.838,-2.255
84.094,-89.498,4474.867,-177.249,-101.179,-2.448
84.554,-83.451,4432.304,-175.049,-101.097,-1.786
86.087,-78.757,4409.822,-173.942,-102.124,-1.024
84.916,-85.328,4403.843,-175.050,-104.012,-1.213
82.374,-95.879,4406.144,-177.723,-104.830,-1.685
79.820,-102.443,4419.008,-181.518,-103.732,-1.505
78.074,-104.993,4438.932,-184.868,-101.380,-0.671
73.447,-104.305,4461.258,-188.222,-98.181,-0.034
67.206,-107.984,4483.479,-191.132,-94.986,-0.054
63.571,-114.146,4467.837,-190.501,-91.314, 0.181
63.401,-104.839,4419.340,-185.418,-89.333, 1.121
63.694,-83.799,4375.723,-180.316,-89.506, 1.697
61.837,-70.294,4351.060,-177.429,-90.544, 0.914
57.680,-68.880,4341.588,-176.992,-90.520,-0.508
57.153,-77.883,4339.144,-177.896,-89.637,-1.186
62.979,-80.900,4366.451,-179.879,-90.324,-0.826
67.923,-69.829,4429.543,-182.264,-93.245,-0.718
66.301,-60.858,4490.023,-184.654,-95.732,-1.629
61.599,-55.470,4529.058,-185.288,-96.474,-2.613
61.546,-50.844,4536.243,-183.937,-96.949,-2.643
65.051,-39.590,4509.315,-179.710,-97.584,-2.535
68.862,-23.015,4465.786,-174.174,-96.053,-2.878
73.328,-14.860,4401.943,-167.989,-93.409,-2.679
77.875,-15.525,4316.717,-161.381,-90.279,-1.885
81.108,-8.198,4235.306,-154.534,-88.665,-1.585
80.405, 9.046,4200.130,-150.981,-89.482,-2.403
79.931,15.081,4226.339,-152.269,-93.815,-3.750
79.216,-2.683,4302.162,-160.203,-100.315,-6.000
77.180,-29.396,4376.730,-168.372,-105.309,-8.717
76.442,-39.990,4454.878,-174.127,-103.725,-10.087
81.892,-32.914,4522.238,-176.122,-97.687,-8.097
88.140,-18.388,4522.010,-172.588,-91.341,-4.540
88.639, 0.439,4450.837,-163.758,-84.869,-2.393
82.631,26.690,4356.255,-152.258,-79.655,-2.005
72.648,63.993,4275.937,-141.192,-74.478,-1.886
61.972,110.492,4303.338,-137.850,-70.122,-2.095
53.138,126.317,4467.603,-148.687,-66.347,-2.285
48.779,81.346,4676.303,-170.196,-64.658,-2.497
42.126,11.311,4916.844,-199.050,-62.725,-3.301
26.961,-71.429,5221.129,-235.000,-60.433,-5.229
13.804,-173.828,5579.675,-276.725,-56.488,-7.194
16.147,-285.013,5951.377,-319.555,-53.196,-8.454
22.486,-379.662,6264.294,-357.062,-51.531,-10.113
15.151,-434.571,6512.196,-386.821,-47.461,-11.223
-2.175,-462.419,6737.433,-412.811,-41.471,-10.828
-13.394,-495.695,6922.419,-437.493,-35.813,-9.612
-19.700,-539.050,7054.468,-456.206,-25.217,-9.395
-32.313,-579.022,7132.973,-463.584,-11.895,-8.108
-50.262,-605.073,7152.713,-460.039,-8.123,-4.013
-66.900,-619.390,7178.386,-455.819,-4.590, 1.193
-75.653,-626.584,7218.869,-448.004,-2.022, 4.060
-76.570,-624.120,7275.472,-437.260,-0.626, 3.910
-74.518,-614.609,7352.591,-422.695, 0.002, 2.000
-88.747,-570.271,7464.192,-401.613,-0.654,-1.561
-117.885,-455.389,7603.164,-374.472,-2.134,-3.045
-122.449,-318.282,7756.620,-341.510,-5.019,-0.821
-106.274,-174.861,7775.150,-275.149,-12.301, 2.124
-86.622,-21.116,7744.215,-194.109,-13.322, 5.484
-74.271,129.536,7729.972,-115.294,-14.339, 6.182
-66.270,266.688,7722.969,-38.256,-16.201, 3.961
-56.181,382.675,7714.641,35.887,-18.662, 2.113
-41.560,478.145,7690.691,105.767,-19.941, 1.702
-24.721,532.681,7641.485,166.917,-20.797, 1.155
-16.080,513.891,7523.018,215.050,-20.807,-1.900
-19.526,451.462,7278.850,251.457,-18.983,-7.702
-23.556,398.396,6898.932,279.043,-16.838,-13.665
-17.133,359.039,6390.257,293.791,-13.902,-17.598
-4.472,311.380,5752.611,294.349,-8.017,-18.814
-4.532,265.947,4993.009,281.627,-0.929,-19.016
-17.313,243.940,4137.786,256.983, 8.539,-17.940
-23.250,198.227,3179.558,218.194,17.879,-13.265
-16.939,95.783,2118.725,162.609,24.121,-7.894
-2.446,-11.001,1122.520,98.664,22.999,-2.282
 1.344,-60.344,390.427,38.798,14.386, 4.484
 1.137,-43.498,-14.629,-1.183, 7.967, 5.899
16.733,-0.228,-113.143,-12.633, 7.761, 1.095
23.703, 5.644,-57.543,-8.361, 8.623,-0.302
19.163,-5.491,-40.425,-7.231, 7.925, 1.017
18.309,-4.162,-62.681,-8.807, 7.790, 1.288
19.709,-1.000,-59.034,-8.581, 7.989, 0.721
19.324,-1.954,-54.377,-8.133, 7.972, 0.769
18.711,-2.155,-55.561,-8.360, 8.196, 0.874
18.880,-0.972,-56.792,-8.581, 7.986, 0.825
18.888,-0.961,-56.854,-8.136, 7.983, 0.930
18.910,-1.568,-56.745,-8.136, 7.983, 0.875
19.317,-2.395,-56.662,-8.136, 7.983, 0.662
18.901,-1.798,-59.026,-8.585, 7.997, 0.718
19.320,-1.984,-56.607,-8.136, 7.983, 0.559
19.099,-1.984,-59.024,-8.137, 7.986, 0.610
19.295,-1.389,-57.960,-8.358, 7.774, 0.928
19.086,-1.185,-59.195,-8.137, 7.986, 1.034
18.677,-1.181,-59.121,-8.135, 7.561, 0.716
18.881,-1.581,-59.150,-8.135, 7.561, 0.768
18.886,-1.375,-59.228,-8.140, 7.994, 0.822
18.890,-1.376,-60.381,-8.362, 7.784, 0.820
18.897,-1.383,-59.129,-8.585, 7.997, 0.927
18.688,-0.791,-57.903,-8.363, 8.206, 0.931
18.483,-1.192,-60.296,-7.919, 8.206, 0.875
18.278,-1.188,-59.184,-8.140, 7.994, 1.033
18.508,-2.753,-52.105,-8.133, 7.969, 0.760
35.692,-11.642,272.643, 3.310, 5.152,-0.815
51.850,334.441,1821.990,51.166,-17.597, 7.530
75.943,492.294,3755.084,79.981,-51.611,21.316
130.446,-255.634,4756.130,42.681,-67.694, 3.798
72.865,-530.465,5828.244, 7.765,-91.797,-14.018
-9.323,-94.940,7225.207,-6.630,-133.075,-7.412
-50.905,166.454,8181.362,-60.383,-158.261,-3.788
-109.771,98.969,8771.097,-148.947,-78.673,-4.204
-151.183,-374.815,8766.586,-155.409,-58.743, 9.531
-102.007,-1000.026,8661.265,-174.475,-57.933,13.127
-30.885,-1128.811,8714.637,-164.981,-64.285,-2.886
 5.425,-541.474,8806.399,-148.549,-70.605,-40.374
-65.292,533.883,8492.630,-95.991,-135.524,-28.184
-52.209,1094.385,8040.629,-19.096,-177.040,16.529
34.599,895.717,7906.102, 9.312,-160.970,28.735
63.885,649.432,8117.137,-9.934,-162.753,20.563
31.376,567.201,8452.288,-41.298,-174.729,16.736
10.984,368.637,8611.469,-61.326,-154.509,14.434
 0.875,75.042,8636.253,-94.666,-134.266,10.941
-0.451,-161.379,8486.629,-123.608,-131.872, 7.819
28.366,-269.388,8187.849,-134.190,-158.785, 2.081
81.440,-189.663,7794.846,-127.114,-205.084, 1.043
104.994, 1.311,7196.702,-83.539,-217.091, 6.127
92.181,171.483,6609.605,-32.951,-201.978, 9.516
87.843,290.082,6249.579,-10.253,-196.879,12.875
102.476,324.228,6001.379,-5.967,-197.555,17.326
115.016,273.542,5791.664,-9.930,-196.276,19.109
115.172,197.355,5594.908,-16.785,-195.196,17.542
107.433,126.148,5366.329,-21.219,-193.835,13.716
100.524,62.647,5091.833,-18.324,-192.243, 8.659
104.485,18.457,4816.464,-7.624,-190.124, 4.490
122.085, 5.678,4553.192, 8.884,-186.850, 3.114
139.377,22.785,4293.665,26.049,-180.825, 2.940
142.054,49.435,4046.863,38.523,-172.838, 2.594
139.857,76.523,3812.806,47.201,-163.753, 3.200
138.844,92.508,3591.532,54.327,-154.468, 4.866
130.313,91.130,3391.414,58.340,-145.187, 5.388
112.745,81.090,3238.325,60.609,-136.862, 4.701
91.388,70.341,3140.727,62.268,-130.188, 4.220
69.826,68.495,3073.852,64.394,-123.602, 4.255
56.821,73.522,3017.738,65.869,-118.110, 5.967
51.296,67.446,2959.171,66.447,-112.593, 8.422
46.807,40.599,2901.705,65.460,-106.838, 9.827
39.832, 3.090,2867.995,64.038,-100.282, 9.223
30.400,-25.576,2892.579,64.234,-94.987, 6.281
20.108,-24.146,2967.226,66.706,-90.296, 1.631
12.267,-1.147,3060.884,70.547,-86.975,-1.383
 9.835,14.025,3154.300,73.066,-85.776,-1.948
11.037,14.816,3248.798,74.925,-85.644,-2.000
13.166, 7.633,3351.654,75.243,-87.437,-2.302
11.651,-1.024,3466.297,74.679,-89.255,-3.139
-0.763,-4.527,3583.221,73.663,-90.215,-4.907
-17.349,-3.877,3694.209,71.079,-90.920,-6.709
-21.029,-5.496,3789.873,68.249,-90.503,-7.090
-10.292,-13.679,3865.584,63.814,-87.211,-6.171
 5.540,-18.402,3935.419,59.128,-81.109,-4.757
11.772,-16.759,4060.618,55.162,-75.819,-4.113
 4.235,-16.301,4264.946,51.519,-74.835,-5.124
-12.772,-4.090,4514.298,48.829,-76.996,-6.556
-34.051,21.690,4758.839,45.691,-79.140,-7.291
-56.366,41.737,4970.244,41.183,-80.739,-8.529
-69.660,51.665,5133.291,35.533,-83.687,-9.125
-70.914,55.589,5244.511,28.505,-87.318,-8.523
-62.745,49.099,5302.650,20.307,-89.704,-8.284
-46.756,30.320,5318.377,11.175,-91.521,-8.732
-29.155, 8.586,5304.671, 1.357,-94.312,-9.721
-11.651,-3.335,5294.555,-9.104,-99.470,-9.345
 4.135,-4.604,5294.971,-20.214,-106.572,-7.494
13.701,-2.210,5289.345,-31.100,-114.305,-5.733
16.873,-0.169,5256.395,-40.456,-120.908,-4.978
14.863, 1.464,5199.670,-48.944,-127.024,-4.915
10.636,-0.488,5145.296,-56.996,-131.863,-5.877
 8.948,-8.418,5099.375,-64.818,-136.518,-7.813
11.989,-17.391,5051.215,-71.311,-139.905,-9.541
19.292,-26.290,4979.272,-76.487,-142.817,-10.424
29.399,-32.712,4889.707,-80.562,-145.063,-10.608
39.632,-34.395,4783.546,-83.317,-146.425,-10.398
49.438,-35.267,4675.023,-86.073,-147.784,-9.865
59.051,-37.938,4572.375,-89.492,-148.942,-9.131
68.728,-41.530,4485.065,-92.672,-150.788,-8.245
77.856,-48.217,4414.228,-96.291,-151.817,-7.213
82.952,-55.780,4358.735,-100.570,-152.663,-6.663
82.526,-62.016,4316.169,-105.070,-152.894,-6.796
79.436,-64.161,4294.891,-109.550,-153.190,-7.177
75.900,-59.437,4292.531,-114.014,-153.540,-6.785
73.210,-54.888,4299.528,-118.476,-153.485,-6.341
69.940,-50.697,4313.594,-123.822,-153.864,-5.423
67.690,-45.942,4328.928,-129.389,-154.456,-4.820
64.459,-45.745,4350.113,-136.061,-156.116,-4.343
60.458,-48.863,4380.820,-142.274,-158.240,-4.462
55.626,-49.573,4419.953,-148.701,-160.601,-5.100
53.190,-43.507,4466.131,-154.231,-162.992,-5.497
56.013,-33.590,4505.419,-159.763,-165.791,-5.977
61.336,-27.087,4537.604,-164.405,-169.013,-5.998
66.081,-26.369,4563.683,-169.271,-172.856,-5.729
70.002,-24.436,4588.675,-173.915,-176.486,-5.348
72.664,-21.505,4610.063,-178.343,-179.469,-4.802
75.359,-20.951,4626.649,-181.888,-181.595,-4.164
75.785,-19.162,4639.642,-184.774,-182.652,-3.785
73.521,-17.997,4639.653,-187.902,-182.598,-3.828
72.124,-22.102,4636.085,-192.149,-182.728,-4.325
73.846,-29.449,4630.184,-196.399,-182.847,-4.571
75.162,-39.571,4620.700,-200.870,-183.597,-4.934
75.291,-52.067,4614.674,-206.454,-184.973,-5.309
76.218,-62.582,4612.345,-211.798,-187.866,-5.887
76.672,-68.305,4608.827,-217.805,-191.814,-6.124
77.547,-75.042,4605.238,-224.705,-196.173,-5.994
81.144,-85.224,4600.538,-231.832,-199.883,-5.563
87.793,-93.638,4593.479,-238.068,-203.180,-4.702
91.940,-97.419,4586.409,-242.977,-204.788,-3.662
92.563,-98.729,4580.465,-247.222,-205.340,-3.083
92.978,-99.030,4574.456,-251.022,-205.895,-2.607
94.416,-99.406,4570.988,-255.712,-206.447,-2.292
94.848,-100.351,4571.013,-260.630,-206.356,-2.188
95.080,-101.483,4570.932,-265.548,-206.265,-2.088
97.388,-104.860,4570.943,-271.366,-205.302,-2.152
99.107,-110.434,4568.552,-277.190,-203.904,-2.017
98.192,-118.344,4569.669,-283.231,-202.729,-2.266
95.017,-125.782,4576.584,-289.041,-201.790,-2.671
93.083,-131.817,4589.554,-295.071,-200.653,-3.226
90.933,-135.873,4604.900,-301.108,-198.661,-3.931
88.333,-137.127,4619.084,-306.026,-196.479,-4.414
88.221,-139.578,4635.584,-310.945,-193.875,-4.055
88.351,-143.923,4660.243,-313.856,-190.258,-3.333
86.139,-141.059,4680.217,-314.098,-185.812,-3.056
82.794,-132.439,4680.214,-311.899,-181.139,-3.388
76.172,-125.960,4669.534,-308.597,-176.234,-4.415
70.359,-121.128,4651.723,-305.742,-171.733,-5.238
66.396,-117.763,4631.526,-303.336,-167.219,-5.754
63.484,-115.379,4613.656,-301.374,-162.704,-5.744
60.958,-110.581,4602.998,-299.397,-159.496,-5.932
59.869,-105.614,4590.007,-297.423,-156.278,-6.118
59.183,-101.451,4578.063,-295.665,-153.704,-5.994
57.691,-98.896,4567.260,-294.580,-150.481,-6.091
56.464,-99.307,4558.928,-293.940,-147.259,-6.198
56.093,-100.516,4556.507,-293.961,-144.683,-5.993
55.517,-100.712,4560.063,-295.094,-141.895,-5.782
56.384,-102.532,4571.822,-296.890,-139.332,-5.630
56.648,-103.295,4593.046,-297.784,-136.810,-5.579
56.648,-97.060,4614.353,-297.341,-134.306,-5.816
56.393,-88.838,4626.290,-295.563,-131.800,-5.989
54.899,-82.368,4629.859,-292.668,-129.937,-5.907
52.595,-76.899,4628.592,-289.788,-127.195,-6.094
50.087,-73.663,4621.448,-287.136,-123.800,-6.290
47.824,-72.640,4611.904,-284.939,-119.958,-6.498
45.549,-71.023,4603.557,-283.405,-116.749,-6.651
43.468,-69.235,4596.379,-282.535,-114.600,-6.801
42.425,-70.064,4588.069,-282.775,-113.078,-7.069
42.260,-71.471,4588.044,-283.675,-112.206,-6.865
41.848,-69.897,4589.198,-284.356,-110.275,-6.433
41.025,-68.299,4590.284,-284.595,-107.923,-6.214
39.806,-66.884,4590.215,-284.612,-105.358,-5.838
39.208,-67.114,4586.716,-284.854,-102.992,-5.839
38.006,-68.533,4584.389,-285.317,-101.263,-6.003
38.020,-70.360,4581.989,-286.215,-100.813,-5.958
38.856,-72.571,4579.571,-287.107,-101.221,-5.597
41.324,-72.409,4585.486,-288.656,-102.287,-5.014
43.967,-68.429,4597.345,-289.537,-102.310,-4.305
46.227,-65.044,4610.433,-289.756,-101.278,-3.974
48.487,-63.266,4618.687,-289.540,-99.378,-3.542
49.515,-62.270,4618.686,-288.664,-96.828,-3.219
48.674,-60.469,4612.713,-287.120,-94.488,-3.054
47.799,-56.301,4608.002,-285.805,-91.503,-3.085
45.926,-52.682,4603.181,-284.488,-88.942,-2.911
44.481,-52.860,4597.191,-283.394,-86.166,-2.910
43.088,-55.471,4592.351,-283.422,-82.730,-2.714
42.288,-56.875,4589.918,-283.887,-80.152,-2.562
40.652,-56.872,4589.734,-284.353,-77.576,-2.138
38.402,-56.478,4589.623,-285.711,-74.986,-2.085
35.379,-57.252,4595.571,-287.725,-73.476,-2.249
32.934,-55.021,4603.817,-289.289,-72.405,-1.973
31.466,-49.606,4610.858,-289.740,-70.711,-1.421
31.027,-45.592,4615.559,-289.301,-69.021,-1.084
31.033,-45.009,4610.857,-288.874,-66.454,-0.817
32.055,-45.863,4601.273,-288.454,-63.865,-0.239
33.272,-46.519,4591.723,-287.586,-61.288, 0.553
33.871,-44.980,4582.265,-287.609,-59.121, 1.038
34.063,-43.429,4576.317,-287.850,-57.177, 1.097
35.084,-43.507,4572.805,-288.978,-55.654, 1.150
36.136,-45.145,4572.859,-290.329,-54.347, 1.305
35.770,-48.965,4571.588,-292.345,-53.245, 1.447
35.408,-52.185,4575.112,-294.358,-52.157, 1.537
35.445,-53.624,4581.071,-296.370,-51.072, 1.373
35.844,-51.884,4585.882,-298.161,-49.775, 1.226
35.814,-46.921,4594.230,-300.168,-49.125, 1.305
36.184,-42.195,4596.646,-301.515,-47.828, 1.327
37.590,-38.294,4599.080,-303.311,-46.095, 1.291
38.589,-35.385,4600.364,-304.886,-44.150, 0.882
39.187,-33.442,4602.788,-305.796,-41.574, 0.736
38.935,-27.104,4601.704,-306.041,-38.361, 0.822
36.999,-19.960,4589.804,-305.628,-34.912, 0.802
33.058,-14.986,4575.583,-304.779,-30.182, 0.716
28.486,-10.653,4556.653,-304.384,-25.001, 0.525
22.889,-6.479,4538.752,-304.211,-20.033, 0.332
18.541,-3.466,4524.435,-303.805,-15.724, 0.240
14.806, 2.518,4516.114,-303.620,-10.791, 0.584
10.823,12.312,4506.574,-302.325,-5.228, 1.157
 9.514,17.844,4489.925,-300.591, 0.774, 1.712
 8.224,19.559,4463.798,-298.422, 7.224, 1.880
 2.639,20.178,4428.161,-294.476,14.097, 1.564
-2.588,24.132,4386.759,-290.754,20.350, 1.104
-8.642,28.703,4346.503,-286.816,28.087, 0.805
-17.064,26.318,4307.229,-284.457,38.201, 0.636
-28.481,20.001,4272.516,-282.560,50.878, 0.390
-45.008,14.936,4247.297,-281.569,66.114,-0.855
-65.466,14.311,4224.437,-281.917,81.790,-2.131
-81.994,11.608,4212.161,-283.822,97.677,-2.834
-95.094,-0.481,4216.350,-288.395,113.563,-2.998
-111.361,-15.210,4246.388,-294.743,130.689,-3.072
-126.215,-23.959,4300.197,-302.408,147.340,-3.065
-135.556,-27.426,4372.036,-311.621,163.753,-2.922
-140.947,-31.114,4458.047,-322.607,179.729,-2.252
-144.921,-35.057,4540.464,-334.261,195.085,-1.267
-149.982,-37.229,4612.207,-346.144,210.258,-0.270
-157.346,-38.224,4667.405,-357.150,225.469, 0.362
-168.226,-41.005,4701.367,-366.827,239.862, 0.350
-179.125,-44.765,4719.952,-374.491,251.915, 0.174
-186.183,-45.971,4735.139,-380.130,261.589, 0.009
-189.990,-47.817,4748.097,-383.973,269.531,-0.634
-196.779,-62.358,4756.370,-387.362,276.192,-3.717
-208.257,-79.187,4765.769,-390.522,281.781,-7.393
-219.268,-80.022,4782.324,-392.760,284.759,-9.251
-227.498,-76.142,4787.029,-394.552,286.481,-10.558
-233.059,-77.186,4775.228,-397.248,287.836,-11.939
-233.039,-83.121,4763.586,-401.727,289.212,-12.860
-229.886,-92.340,4754.354,-409.325,290.198,-13.217
-224.851,-106.840,4741.521,-418.486,291.004,-13.333
-222.482,-122.305,4722.734,-427.872,291.613,-13.667
-222.390,-136.736,4695.644,-437.033,291.169,-14.104
-220.896,-150.218,4662.734,-445.529,290.523,-14.215
-217.923,-165.718,4634.525,-455.801,289.034,-13.756
-211.688,-175.844,4621.630,-467.614,286.453,-11.948
-195.350,-165.336,4643.125,-481.393,280.611,-7.079
-171.605,-180.169,4692.202,-495.337,269.774,-6.553
-138.492,-228.129,4760.836,-507.451,255.000,-11.260
-142.521,-228.031,4794.185,-515.836,246.037,-11.581
-188.402,-233.802,4776.862,-523.418,242.784,-14.902
-231.496,-294.663,4782.476,-533.850,233.751,-26.042
-255.071,-330.488,4836.976,-543.518,217.079,-33.255
-244.467,-321.860,4887.083,-546.020,196.884,-32.527
-219.852,-315.092,4888.923,-541.187,176.065,-31.536
-217.375,-315.894,4856.005,-529.469,155.882,-33.131
-225.378,-299.541,4795.720,-512.181,134.614,-33.857
-209.997,-270.255,4720.521,-491.544,111.413,-32.187
-164.794,-251.206,4654.072,-473.324,83.735,-28.649
-106.888,-245.434,4618.393,-458.187,53.031,-24.271
-50.724,-247.036,4600.458,-447.265,19.999,-20.560
-3.087,-253.993,4595.405,-436.986,-15.412,-18.255
37.215,-262.602,4595.030,-427.579,-53.386,-16.438
73.714,-264.893,4592.173,-415.470,-94.398,-14.222
105.143,-255.087,4576.256,-400.010,-136.929,-11.321
132.029,-229.413,4535.495,-379.855,-182.682,-7.286
159.325,-192.030,4469.862,-356.799,-231.187,-2.776
189.360,-147.145,4403.283,-333.949,-282.041, 0.924
223.887,-95.184,4369.129,-315.308,-333.988, 3.395
268.941,-40.185,4396.859,-304.653,-385.566, 5.730
315.022,12.675,4483.674,-301.127,-432.075, 8.635
349.368,59.351,4591.389,-302.086,-472.174,12.458
380.536,92.031,4668.209,-300.898,-501.978,16.005
412.496,113.818,4671.671,-291.807,-518.057,18.763
436.141,128.198,4661.868,-285.219,-530.821,20.107
448.479,131.671,4644.556,-281.357,-540.063,21.133
459.643,111.754,4611.228,-279.992,-546.846,24.163
472.794,83.374,4575.408,-280.892,-550.147,27.100
477.771,75.215,4556.425,-282.246,-550.917,27.379
475.247,80.149,4548.224,-283.374,-550.655,26.609
470.521,81.593,4544.522,-284.055,-549.985,26.402
459.058,82.797,4543.124,-283.830,-550.622,26.135
442.999,92.321,4545.329,-282.033,-551.519,25.962
430.400,104.989,4549.877,-280.236,-552.419,26.384
423.383,111.126,4552.097,-279.787,-552.433,26.835
419.511,108.808,4551.948,-280.232,-552.430,26.664
416.475,105.208,4548.218,-281.807,-551.320,26.486
410.734,107.345,4549.485,-286.074,-548.042,24.961
401.863,109.831,4606.262,-292.823,-534.405,22.859
412.293,82.507,4706.494,-297.583,-514.275,22.688
436.573,55.754,4700.595,-302.779,-508.369,24.268
463.817, 0.161,4639.133,-312.468,-505.221,32.951
468.189,-34.511,4613.568,-322.629,-495.731,34.852
439.308,-24.238,4613.366,-330.777,-483.990,29.708
412.303,-22.467,4597.364,-340.949,-472.380,27.016
397.052,-44.902,4574.157,-354.718,-458.124,25.800
373.419,-61.615,4567.554,-370.291,-440.028,22.542
333.952,-70.091,4567.923,-385.009,-414.710,17.892
284.918,-83.912,4568.018,-397.090,-380.916,13.584
232.188,-107.403,4587.859,-412.097,-340.517,10.604
179.546,-132.402,4625.335,-426.454,-294.418, 8.461
129.258,-148.067,4667.625,-439.495,-243.662, 6.418
85.826,-156.516,4698.399,-450.327,-189.926, 4.466
47.281,-164.873,4721.084,-458.719,-134.712, 2.570
 8.845,-169.211,4724.965,-463.988,-80.363, 0.111
-30.543,-165.792,4708.918,-465.925,-26.218,-3.636
-77.202,-159.310,4677.574,-464.991,31.126,-9.377
-135.540,-157.677,4631.745,-463.193,91.061,-16.200
-194.224,-161.612,4579.939,-462.497,148.250,-22.311
-237.452,-172.702,4536.719,-463.306,198.801,-26.440
-263.079,-182.599,4507.895,-464.047,241.184,-28.923
-277.547,-182.619,4492.332,-465.385,274.769,-29.822
-287.043,-167.663,4493.420,-467.107,301.045,-28.954
-291.772,-139.399,4501.663,-468.773,319.611,-26.493
-289.944,-109.329,4526.428,-471.272,330.879,-22.380
-288.732,-100.100,4555.808,-473.276,334.028,-20.114
-291.684,-108.611,4566.218,-474.389,333.395,-21.002
-295.106,-116.001,4565.036,-475.514,334.065,-22.836
-302.282,-118.702,4560.215,-475.963,334.082,-23.747
-313.514,-121.070,4557.573,-475.520,334.506,-23.974
-322.964,-117.516,4552.708,-475.082,335.366,-24.120
-324.942,-106.145,4550.393,-474.196,336.212,-23.858
-321.211,-92.264,4551.760,-472.633,336.396,-23.528
-313.721,-83.602,4554.358,-471.736,336.371,-23.008
-306.994,-83.306,4549.808,-471.726,335.511,-21.997
-303.697,-89.127,4536.835,-471.496,334.455,-20.914
-302.031,-99.686,4498.943,-467.024,329.355,-20.278
-296.958,-102.892,4462.343,-460.090,323.150,-19.499
-288.333,-89.506,4453.011,-452.905,316.218,-17.638
-281.833,-84.609,4464.846,-447.935,309.261,-16.346
-276.029,-108.208,4487.142,-446.748,301.273,-16.035
-269.332,-154.534,4528.318,-450.871,287.345,-16.940
-268.620,-180.622,4566.083,-453.842,267.640,-18.336
-268.819,-170.088,4560.363,-449.913,246.443,-18.399
-263.884,-150.952,4519.390,-442.438,225.286,-18.628
-247.977,-140.225,4485.645,-436.759,205.857,-18.786
-221.061,-138.601,4475.634,-434.629,185.984,-17.923
-190.745,-142.552,4487.966,-434.943,167.156,-16.135
-163.847,-149.630,4509.674,-436.149,148.748,-14.841
-141.028,-157.834,4539.619,-438.901,128.847,-14.081
-118.409,-165.631,4574.295,-442.094,108.093,-13.475
-91.055,-176.303,4607.922,-445.496,85.416,-12.725
-58.984,-191.019,4628.502,-446.886,60.820,-11.517
-25.965,-202.318,4631.491,-444.911,32.153,-9.766
 4.350,-197.720,4618.035,-437.100,-2.128,-7.888
34.127,-169.965,4589.453,-424.136,-40.519,-6.378
62.274,-126.839,4562.177,-410.044,-80.005,-5.115
91.920,-87.688,4550.267,-397.941,-120.573,-3.918
127.583,-68.766,4557.308,-390.285,-161.974,-2.761
168.790,-66.455,4582.079,-385.957,-204.441,-1.206
212.068,-63.973,4617.405,-382.745,-245.426, 0.613
248.138,-56.776,4654.924,-379.995,-283.847, 2.348
279.540,-54.341,4688.830,-377.931,-320.323, 3.689
314.084,-57.179,4712.074,-376.565,-353.556, 5.801
346.320,-53.444,4725.844,-373.454,-381.661, 8.365
360.632,-40.502,4737.054,-369.948,-402.498, 9.170
360.957,-20.750,4746.873,-364.925,-416.729, 8.043
364.129, 0.484,4742.559,-358.168,-424.962, 7.137
372.487,14.844,4721.564,-349.212,-429.768, 8.052
374.943,25.321,4696.776,-339.602,-432.231, 9.527
367.827,33.620,4669.377,-329.564,-432.130,10.830
359.694,42.314,4643.203,-319.756,-430.959,12.079
355.090,48.743,4626.550,-311.289,-428.932,13.003
348.551,45.632,4618.022,-304.827,-426.680,13.567
342.328,32.497,4614.054,-300.608,-423.112,13.927
339.097,11.314,4607.549,-298.188,-418.221,15.090
338.190,-12.344,4605.870,-297.571,-410.744,16.615
336.478,-15.289,4617.577,-297.180,-402.217,16.815
335.989, 0.052,4640.074,-296.115,-393.512,16.413
337.444, 2.980,4642.223,-295.283,-385.812,17.275
340.043,-7.297,4621.668,-294.246,-377.842,19.288
342.188,-14.490,4587.002,-293.695,-365.973,20.681
343.106,-22.524,4555.959,-293.839,-350.462,20.808
341.280,-36.327,4539.030,-296.685,-330.660,19.901
324.208,-53.644,4543.127,-301.783,-306.172,17.595
286.526,-72.392,4558.679,-307.805,-276.137,13.263
240.374,-83.045,4577.689,-312.734,-242.071, 8.492
192.310,-87.466,4596.602,-315.897,-204.620, 4.597
143.904,-94.395,4614.200,-316.623,-164.849, 1.904
101.359,-94.615,4625.981,-315.349,-123.606, 0.145
64.578,-82.353,4635.429,-311.843,-81.976,-0.815
25.145,-70.676,4646.044,-309.456,-39.269,-1.672
-18.682,-68.683,4658.955,-307.523, 5.145,-3.155
-60.975,-76.259,4675.456,-304.484,51.875,-5.370
-100.238,-80.809,4687.282,-296.989,100.246,-7.255
-142.857,-62.706,4688.640,-283.909,147.480,-9.033
-185.719,-26.106,4678.434,-269.917,190.458,-11.094
-220.001, 6.268,4657.733,-257.905,227.729,-13.278
-244.007,30.839,4626.513,-248.325,260.153,-14.753
-259.616,54.613,4594.372,-241.620,288.564,-15.911
-272.549,79.066,4570.729,-239.131,313.393,-17.434
-294.666,101.726,4564.714,-239.944,333.732,-20.185
-324.648,112.973,4572.539,-244.737,349.820,-23.153
-347.228,107.784,4599.227,-253.961,362.936,-24.768
-356.587,93.989,4638.099,-265.839,374.342,-25.784
-358.955,77.895,4670.006,-277.712,384.482,-26.332
-363.444,63.207,4678.151,-287.802,392.096,-26.610
-360.031,55.020,4679.405,-295.186,394.564,-25.481
-332.509,52.066,4691.667,-302.736,389.947,-22.099
-297.723,38.068,4708.856,-309.369,381.889,-20.987
-292.745,12.367,4728.171,-316.912,376.406,-25.388
-315.233,-12.477,4748.157,-324.686,372.419,-30.854
-328.938,-35.791,4775.444,-331.542,366.670,-35.091
-327.017,-49.817,4782.952,-335.483,357.289,-38.064
-330.083,-43.801,4760.883,-335.178,344.704,-39.414
-335.550,-27.566,4719.716,-332.196,330.839,-38.602
-326.390,-20.727,4674.035,-329.205,315.273,-37.034
-302.757,-24.473,4641.563,-326.862,297.762,-35.193
-277.478,-27.140,4620.923,-324.041,277.636,-32.978
-253.916,-22.814,4596.724,-320.998,257.301,-30.044
-225.831,-21.405,4567.893,-319.745,237.008,-27.227
-196.361,-33.248,4544.922,-321.405,218.672,-24.892
-171.891,-52.596,4528.877,-326.193,201.648,-22.754
-154.221,-65.647,4519.821,-331.872,185.046,-20.484
-142.940,-75.182,4519.093,-337.314,167.348,-19.470
-136.176,-84.795,4524.276,-341.185,148.970,-19.462
-130.763,-84.544,4524.671,-341.925,129.694,-18.932
-118.281,-73.599,4519.196,-339.764,109.752,-16.712
-93.559,-57.437,4511.591,-335.809,88.501,-12.614
-64.550,-43.375,4504.007,-331.413,67.255,-8.678
-38.138,-33.851,4498.728,-327.468,46.867,-5.718
-13.334,-25.086,4502.816,-324.419,27.332,-3.186
10.253,-15.737,4511.671,-322.720, 9.940,-0.808
27.990,-10.919,4523.837,-323.497,-4.213, 1.649
40.054,-10.173,4535.893,-324.286,-17.075, 3.929
49.440,-9.246,4546.712,-326.644,-29.688, 5.683
60.068,-9.562,4550.512,-328.558,-43.138, 7.006
71.518,-11.758,4542.378,-331.380,-56.528, 8.478
84.009,-16.857,4527.085,-336.007,-68.998, 9.568
91.861,-25.286,4518.850,-342.422,-81.024, 9.901
96.085,-36.017,4525.836,-350.829,-94.123,10.538
102.026,-53.154,4541.035,-361.672,-109.976,11.146
113.416,-80.175,4565.696,-376.062,-129.629,11.657
130.229,-115.302,4601.103,-393.765,-154.164,11.286
151.610,-155.651,4638.997,-412.335,-182.534,11.105
175.957,-190.431,4656.722,-427.111,-212.834,12.057
203.396,-212.479,4650.940,-436.538,-244.018,14.233
230.425,-219.882,4627.536,-439.940,-275.902,16.796
257.492,-215.931,4599.467,-440.662,-307.822,19.729
283.437,-205.527,4572.679,-439.368,-340.003,22.217
307.115,-193.138,4544.797,-438.752,-371.099,23.603
326.753,-178.287,4479.191,-430.631,-389.871,23.890
341.875,-159.202,4432.691,-423.867,-403.551,22.666
349.289,-140.823,4405.052,-418.469,-412.115,19.322
350.453,-123.542,4392.651,-415.104,-416.191,16.019
348.600,-106.391,4396.602,-413.534,-416.867,13.562
346.239,-94.778,4412.139,-413.316,-414.559,12.404
344.839,-93.547,4432.195,-414.891,-410.528,12.146
341.076,-98.037,4454.343,-417.806,-405.633,13.604
336.116,-102.060,4482.342,-420.498,-400.118,15.485
333.363,-104.344,4508.166,-423.181,-395.882,16.954
332.017,-106.874,4520.962,-424.307,-393.121,17.892
330.631,-108.961,4525.458,-422.967,-392.727,19.044
329.059,-111.173,4528.782,-420.495,-394.700,20.617
327.248,-115.029,4517.738,-417.136,-397.921,22.445
327.056,-116.768,4498.571,-414.452,-401.324,24.017
329.445,-113.231,4483.208,-412.441,-404.081,24.564
328.649,-99.704,4470.292,-411.326,-405.977,24.575
321.053,-82.313,4456.067,-410.887,-407.638,24.496
316.460,-76.524,4444.144,-411.345,-408.013,24.363
319.953,-78.828,4439.569,-411.355,-407.567,23.614
327.132,-78.818,4445.725,-412.041,-405.209,22.666
342.952,-76.702,4469.687,-412.512,-400.121,22.632
359.608,-70.432,4511.450,-414.565,-390.558,22.354
347.096,-70.441,4563.303,-418.204,-377.355,19.869
318.570,-83.819,4614.763,-424.544,-361.111,16.307
293.883,-96.854,4650.994,-427.133,-338.285,12.377
264.936,-99.256,4664.861,-425.522,-310.144, 7.916
231.456,-100.969,4670.324,-422.807,-280.932, 3.616
203.882,-101.162,4672.302,-418.522,-252.388, 0.434
179.306,-91.822,4682.606,-414.901,-223.645,-1.591
152.497,-83.051,4701.135,-413.284,-194.260,-3.300
126.487,-89.060,4728.971,-415.231,-164.845,-4.602
104.504,-104.886,4761.467,-418.959,-135.839,-5.314
85.382,-121.446,4785.825,-423.370,-105.733,-5.977
64.393,-138.430,4791.244,-426.908,-74.313,-7.014
41.513,-155.440,4777.723,-429.577,-41.571,-8.527
16.134,-172.218,4748.728,-430.700,-8.168,-9.878
-10.091,-189.008,4707.939,-430.492,25.247,-11.445
-34.709,-203.214,4666.099,-429.164,58.003,-13.474
-57.553,-209.261,4631.584,-427.374,89.448,-15.462
-80.290,-204.513,4602.807,-426.245,120.246,-15.868
-103.267,-194.936,4590.467,-426.877,149.315,-15.247
-125.745,-189.719,4597.048,-430.159,175.815,-14.219
-141.971,-190.350,4620.213,-435.194,198.462,-12.956
-149.154,-193.113,4651.739,-442.208,217.062,-11.382
-149.786,-195.751,4693.001,-449.186,231.364,-9.962
-153.128,-196.503,4732.957,-455.028,242.024,-9.172
-160.039,-192.221,4758.739,-459.527,250.143,-8.678
-166.611,-187.397,4769.290,-462.021,257.205,-8.760
-172.351,-185.411,4769.185,-464.292,262.798,-8.962
-177.471,-183.801,4763.113,-465.448,267.754,-9.009
-182.231,-179.826,4755.993,-466.376,272.064,-9.361
-183.735,-172.720,4747.780,-466.636,276.159,-9.486
-181.804,-163.063,4733.623,-466.222,279.186,-8.859
-179.314,-149.039,4713.608,-464.693,281.575,-8.263
-177.233,-134.580,4696.040,-462.273,284.371,-7.875
-174.100,-122.910,4679.493,-459.630,286.952,-7.025
-169.902,-115.420,4659.255,-456.319,289.320,-5.773
-166.682,-112.496,4637.866,-452.785,291.476,-4.541
-165.498,-110.346,4611.667,-448.811,294.067,-3.632
-166.424,-103.698,4586.664,-442.371,295.120,-3.126
-167.580,-93.446,4566.510,-434.589,296.143,-3.080
-169.529,-84.969,4554.671,-427.464,296.507,-3.625
-174.915,-79.782,4555.695,-421.003,297.065,-4.713
-180.692,-75.961,4560.301,-414.759,297.399,-6.179
-183.967,-74.789,4564.970,-409.404,296.474,-7.603
-192.504,-79.097,4584.933,-406.918,292.767,-10.114
-202.076,-81.352,4611.974,-404.417,287.336,-12.458
-198.277,-74.328,4627.471,-401.024,281.063,-13.270
-186.282,-69.081,4619.429,-395.868,275.679,-13.136
-177.685,-70.950,4602.894,-390.508,272.239,-12.776
-172.403,-70.780,4576.854,-384.272,270.518,-12.301
-166.985,-65.056,4545.017,-377.378,269.870,-11.637
-160.552,-60.563,4505.976,-370.044,269.659,-10.715
-154.711,-58.469,4471.551,-363.608,270.732,-9.329
-149.843,-56.917,4446.606,-358.059,272.216,-8.053
-147.420,-52.286,4437.102,-352.728,274.730,-7.450
-146.273,-45.692,4428.705,-348.069,277.467,-7.156
-146.305,-43.235,4427.284,-344.299,280.203,-6.934
-147.317,-42.949,4428.416,-341.415,282.934,-6.826
-150.757,-44.655,4434.251,-339.863,285.244,-7.049
-155.159,-51.478,4445.986,-338.972,286.907,-7.556
-160.372,-58.496,4460.048,-338.969,288.148,-8.014
-167.075,-60.501,4474.084,-338.516,288.954,-8.556
-174.433,-60.730,4483.408,-338.068,290.198,-9.091
-179.920,-63.971,4487.881,-337.624,291.455,-9.005
-183.161,-66.060,4493.735,-336.952,292.064,-9.068
-182.166,-63.241,4497.342,-334.940,292.234,-9.107
-176.287,-58.685,4496.201,-332.025,290.688,-8.029
-167.359,-52.154,4497.417,-329.548,288.285,-6.143
-158.650,-43.641,4497.629,-326.841,284.812,-4.831
-151.146,-38.327,4493.206,-324.578,280.082,-4.063
-144.234,-36.192,4486.276,-322.753,273.658,-3.260
-137.112,-38.248,4476.878,-321.360,264.684,-2.687
-130.544,-46.068,4472.333,-320.390,253.135,-2.776
-124.342,-57.402,4476.047,-319.171,238.357,-3.410
-116.098,-68.087,4484.507,-316.593,220.983,-4.096
-104.999,-78.804,4487.189,-312.438,200.820,-4.676
-93.314,-89.951,4480.352,-307.833,179.391,-4.887
-81.022,-101.298,4462.835,-301.675,157.759,-4.676
-66.537,-110.685,4431.215,-293.285,134.846,-4.298
-47.028,-116.786,4377.187,-282.000,110.452,-3.585
-23.793,-116.253,4287.771,-267.613,85.677,-2.681
-2.379,-104.782,4173.701,-250.786,60.292,-2.309
17.685,-87.182,4048.004,-233.510,33.645,-2.700
39.274,-75.527,3935.290,-217.775, 5.907,-2.534
62.387,-64.193,3855.610,-203.354,-21.901,-2.002
85.583,-38.237,3800.973,-188.688,-49.575,-1.717
103.196,-3.009,3771.289,-176.024,-75.785,-2.818
114.153,26.946,3761.601,-165.821,-98.808,-5.319
128.222,40.086,3763.552,-158.762,-118.385,-6.733
146.826,36.218,3773.507,-154.624,-133.884,-6.535
163.089,26.233,3798.585,-152.057,-146.197,-5.680
171.309,25.964,3827.239,-148.842,-154.475,-4.942
175.172,29.284,3841.428,-146.116,-158.005,-3.182
178.778,16.924,3834.101,-145.221,-157.594,-0.754
182.264,-0.298,3823.214,-146.812,-153.495, 1.387
184.518,-11.546,3835.973,-151.980,-146.827, 3.134
185.341,-33.619,3899.578,-160.012,-140.041, 3.933
187.057,-53.098,4010.486,-167.100,-135.537, 4.739
187.207,-62.252,4120.229,-169.913,-135.594, 5.591
184.271,-60.940,4199.379,-166.468,-139.522, 5.539
172.638,-38.806,4250.343,-158.137,-143.019, 4.157
159.198,-4.776,4282.480,-147.608,-143.928, 2.406
148.082,17.205,4300.096,-137.104,-143.082, 1.075
134.507,23.036,4308.115,-128.410,-140.040,-0.440
118.816,41.044,4331.674,-121.285,-134.236,-1.736
109.237,69.138,4384.800,-118.378,-128.240,-1.133
106.929,67.541,4432.942,-119.495,-122.588, 0.075
106.768,33.679,4460.822,-124.430,-116.592, 0.501
105.375, 4.206,4493.597,-130.260,-110.162, 0.096
103.437,-7.062,4557.337,-136.515,-103.806,-1.121
103.160,-18.682,4638.997,-142.961,-99.853,-2.864
100.034,-40.647,4692.066,-146.292,-97.580,-5.401
92.350,-49.835,4695.541,-142.520,-94.433,-7.828
86.902,-22.606,4674.411,-134.527,-90.226,-8.179
80.298,21.275,4679.223,-127.398,-86.940,-7.184
74.455,36.917,4712.307,-123.803,-85.818,-7.059
72.967,27.726,4731.088,-121.115,-85.058,-7.264
66.163,41.382,4766.555,-119.316,-82.203,-7.098
59.872,77.666,4874.191,-123.039,-79.679,-5.660
66.275,74.414,4988.763,-132.090,-81.356,-3.820
77.661,33.427,5028.839,-140.505,-87.314,-3.374
80.917, 9.910,4998.227,-143.626,-92.296,-5.282
71.418,25.986,4952.305,-142.109,-91.961,-8.066
64.362,45.408,4914.434,-140.835,-87.165,-8.663
66.055,30.563,4845.499,-140.489,-80.981,-7.302
68.974,15.697,4765.940,-139.918,-75.847,-5.206
77.138,40.830,4767.306,-142.364,-76.885,-2.232
88.495,72.131,4888.519,-154.259,-86.022,-0.860
92.166,40.163,5037.667,-173.731,-95.523,-3.647
84.752,-37.474,5104.617,-190.411,-99.054,-7.980
67.670,-83.149,5101.718,-197.579,-96.781,-10.742
58.005,-81.145,5071.985,-197.408,-93.057,-11.108
59.929,-73.444,5054.244,-194.538,-90.696,-10.699
62.047,-82.263,5033.867,-192.577,-86.179,-9.786
57.841,-91.172,5003.865,-188.852,-79.523,-8.246
56.945,-74.696,5026.247,-187.297,-75.133,-5.314
61.484,-55.520,5128.015,-191.228,-75.369,-2.633
65.726,-68.648,5230.694,-198.054,-77.473,-1.739
65.527,-94.168,5276.452,-201.369,-77.756,-1.653
56.576,-97.333,5275.056,-199.366,-77.139,-1.726
45.505,-75.541,5276.315,-195.570,-77.412,-2.208
39.781,-54.407,5309.528,-194.641,-78.804,-2.849
35.719,-56.698,5320.041,-194.417,-78.189,-3.814
30.593,-61.695,5284.420,-191.794,-74.279,-4.051
27.121,-47.789,5242.864,-187.182,-68.033,-3.037
29.174,-30.941,5217.949,-184.336,-62.242,-1.054
31.786,-26.858,5205.979,-184.818,-58.354, 0.450
32.295,-38.364,5188.143,-187.306,-56.332, 0.451
35.914,-60.533,5145.435,-188.672,-57.891,-0.129
40.235,-76.557,5080.444,-188.032,-61.349,-0.624
40.698,-79.579,5003.673,-185.164,-65.659,-1.644
39.801,-71.406,4923.463,-179.853,-68.503,-2.716
41.126,-58.684,4851.568,-175.209,-70.299,-2.811
45.581,-51.998,4774.722,-170.577,-70.798,-2.039
50.293,-50.518,4689.473,-166.185,-69.776,-0.816
55.415,-45.867,4616.172,-162.686,-67.487, 0.424
60.853,-45.705,4565.416,-160.283,-65.460, 1.648
62.125,-52.757,4533.321,-159.197,-64.746, 2.724
57.846,-57.081,4523.701,-159.196,-66.001, 2.754
50.231,-55.956,4523.611,-159.188,-67.283, 1.485
45.028,-47.084,4539.022,-159.403,-67.103, 0.415
45.008,-41.293,4554.447,-160.519,-65.627, 0.604
45.861,-44.927,4543.764,-160.314,-64.105, 0.692
44.175,-45.794,4509.423,-158.346,-62.536, 0.156
43.609,-37.119,4478.784,-155.712,-59.497, 0.199
45.276,-21.245,4470.619,-154.617,-57.143, 1.176
47.696,-13.494,4484.766,-155.950,-56.309, 2.216
48.894,-26.462,4496.424,-159.065,-56.718, 2.473
44.350,-42.763,4485.629,-160.193,-56.453, 1.387
35.276,-39.885,4476.113,-159.763,-55.571,-0.083
27.776,-27.222,4490.415,-159.768,-53.048,-1.135
28.238,-25.993,4515.195,-160.887,-49.891,-1.129
32.937,-39.781,4529.190,-163.122,-47.760,-0.293
34.930,-51.777,4523.172,-163.810,-46.230, 0.022
32.250,-48.554,4520.872,-162.930,-44.527,-0.440
30.731,-35.717,4545.815,-162.699,-42.678,-0.433
32.625,-34.868,4572.983,-164.249,-41.237, 0.156
33.834,-49.805,4578.668,-165.810,-41.012, 0.508
33.958,-65.012,4555.009,-165.385,-40.947,-0.303
32.505,-67.077,4532.640,-164.741,-39.824,-1.425
33.624,-56.538,4541.058,-164.077,-37.935,-1.531
38.944,-53.205,4557.696,-164.075,-36.271,-0.824
41.054,-59.427,4551.762,-163.421,-34.766,-1.012
38.566,-55.616,4555.306,-163.210,-32.853,-1.788
39.383,-50.170,4580.137,-163.422,-31.426,-1.286
41.753,-53.693,4609.628,-164.965,-30.845,-0.613
42.239,-59.652,4617.858,-165.177,-31.506,-0.537
39.774,-60.397,4610.765,-163.841,-31.932,-0.965
35.435,-59.943,4598.800,-162.518,-31.062,-1.440
33.859,-65.107,4596.305,-162.534,-28.919,-1.255
35.817,-71.904,4603.346,-162.990,-26.793,-0.811
36.848,-66.858,4623.547,-163.206,-25.352,-0.679
36.797,-54.812,4653.238,-163.413,-24.364,-0.518
38.600,-48.225,4674.633,-163.397,-24.421,-0.590
39.421,-48.816,4673.448,-162.280,-24.648,-0.858
40.222,-51.644,4648.645,-159.397,-24.835,-1.083
41.167,-49.708,4622.629,-156.736,-25.232,-0.810
41.521,-49.500,4604.846,-153.845,-25.444,-0.543
39.459,-48.239,4598.901,-151.848,-24.390,-0.644
36.565,-38.356,4620.261,-151.401,-21.894,-0.548
36.930,-23.896,4675.890,-153.377,-20.098, 0.262
40.931,-21.035,4737.379,-157.798,-19.770, 1.071
44.033,-37.586,4756.128,-160.910,-19.770, 1.363
42.307,-54.989,4725.268,-160.489,-19.689, 0.645
37.933,-57.653,4673.233,-157.418,-17.878,-0.214
35.716,-50.754,4625.949,-153.449,-16.096,-0.552
32.495,-39.774,4614.167,-150.800,-13.112,-1.031
28.991,-32.516,4636.617,-151.040,-8.252,-1.366
25.864,-38.001,4660.005,-152.851,-2.297,-1.181
23.128,-44.504,4670.300,-153.554, 3.462,-0.526
20.686,-44.073,4665.416,-152.244, 6.880, 0.108
18.996,-41.461,4649.968,-150.253, 7.537, 0.490
17.882,-38.293,4628.661,-148.479, 6.716, 0.451
15.749,-38.159,4599.127,-146.935, 5.710,-0.235
10.554,-38.198,4562.479,-144.965, 6.857,-1.348
 5.332,-33.235,4535.229,-143.004,10.541,-2.279
-0.305,-20.463,4537.540,-143.053,17.807,-2.378
-0.677,-14.877,4559.824,-145.550,26.546,-0.868
 2.329,-19.952,4564.351,-147.830,33.841, 1.172
 0.631,-14.023,4556.091,-148.973,37.084, 1.728
-5.087, 0.720,4545.542,-148.774,39.463, 0.473
-10.120,11.289,4542.073,-149.917,42.701,-0.588
-14.656,13.269,4539.621,-151.733,46.587,-1.319
-19.578, 5.960,4492.221,-152.246,50.581,-1.987
-26.737, 7.331,4390.377,-148.794,56.374,-2.512
-36.455,28.124,4252.020,-141.592,64.559,-3.316
-41.525,49.737,4088.989,-132.866,75.572,-3.794
-42.190,58.080,3899.827,-123.279,87.931,-3.855
-42.361,57.639,3701.000,-113.255,100.314,-3.640
-51.526,57.993,3513.859,-104.100,110.117,-3.905
-68.051,61.189,3358.723,-96.442,114.504,-5.377
-76.039,71.287,3231.187,-89.845,114.334,-7.075
-74.473,94.479,3141.861,-84.095,111.931,-8.868
-68.548,122.980,3111.780,-80.518,108.528,-10.474
-65.985,135.738,3155.968,-82.479,106.932,-12.369
-63.435,115.282,3303.934,-92.868,109.448,-14.363
-42.515,76.335,3506.342,-108.115,110.605,-14.324
-16.821,57.224,3743.267,-122.630,107.153,-12.978
-16.608,48.841,4016.730,-136.866,99.116,-16.087
-37.685,16.456,4304.373,-153.306,87.664,-25.291
-44.775,-32.056,4633.509,-175.293,75.549,-33.134
-23.796,-83.262,5005.122,-201.714,64.233,-34.426
 3.342,-147.797,5385.760,-229.021,52.905,-32.289
16.431,-215.418,5772.028,-256.551,42.208,-30.491
22.239,-274.915,6152.330,-280.299,32.537,-29.241
36.580,-328.301,6517.251,-298.938,25.176,-25.792
52.227,-371.933,6839.473,-311.379,21.251,-19.229
50.287,-407.328,7122.140,-318.301,21.416,-13.004
29.449,-442.815,7384.393,-321.456,23.080,-9.116
 1.224,-465.068,7616.148,-320.160,23.475,-6.917
-24.145,-464.796,7787.808,-310.642,20.728,-5.453
-40.569,-451.646,7915.976,-296.460,16.113,-3.873
-47.554,-428.276,8010.096,-282.545,15.215,-1.076
-50.901,-389.584,8072.446,-268.445,17.169, 1.954
-54.380,-345.429,8122.245,-255.465,18.950, 3.111
-59.072,-304.659,8168.830,-241.364,20.499, 2.402
-68.843,-251.211,8203.525,-223.708,24.569, 2.012
-78.037,-168.473,8186.014,-195.818,26.504, 3.664
-87.470,-69.597,8132.836,-162.589,26.752, 7.136
-102.774,24.279,8079.559,-128.458,26.545,10.314
-118.525,105.231,8032.249,-95.437,25.701,12.056
-127.032,178.702,7997.022,-62.400,23.970,12.498
-128.425,240.183,7974.940,-27.784,21.111,12.566
-118.327,301.966,7954.331,10.635,17.122,13.063
-94.345,386.447,7930.729,52.411,11.169,13.565
-59.373,475.930,7914.467,94.645, 4.756,13.775
-28.248,551.690,7932.341,136.220, 0.612,13.817
-15.434,624.464,7976.011,176.912,-2.306,12.194
-9.694,689.002,8027.634,215.155,-4.997,10.585
-7.630,727.310,8055.265,248.468,-7.969, 9.277
-21.030,735.779,8003.279,276.583,-10.848, 4.810
-35.794,702.719,7823.332,300.133,-14.987,-3.020
-27.548,620.264,7455.440,314.386,-19.941,-11.119
-0.193,513.207,6872.437,316.826,-21.514,-17.946
23.727,407.623,6076.543,305.231,-20.535,-22.861
34.702,310.678,5078.346,277.612,-17.661,-25.141
39.292,191.653,3825.558,228.109,-10.941,-23.705
44.916,18.062,2322.953,153.109, 4.399,-19.554
50.392,-132.731,887.357,65.670,20.991,-11.866
37.504,-110.834,34.617, 1.191,20.062,-0.435
17.351, 2.875,-131.959,-16.226, 9.147, 3.486
15.790,22.673,-26.761,-9.205, 6.389, 0.937
19.886,-8.985,-7.255,-7.661, 9.123, 0.208
19.634,-7.744,-49.514,-9.924, 9.269, 1.059
18.103, 0.866,-42.320,-9.909, 8.388, 0.995
19.155,-1.298,-32.881,-9.008, 8.346, 0.774
19.383,-3.122,-36.475,-9.239, 8.580, 0.870
19.165,-1.732,-39.990,-9.466, 8.806, 0.666
18.746,-1.310,-38.857,-9.239, 8.583, 0.667
18.763,-2.318,-37.677,-9.017, 8.792, 0.821
18.970,-2.141,-39.950,-9.466, 8.806, 0.717
18.958,-2.346,-41.196,-9.243, 8.594, 0.662
18.547,-2.740,-41.275,-9.243, 8.594, 0.553
18.346,-1.916,-41.264,-9.243, 8.594, 0.717
18.532,-1.935,-41.254,-9.243, 8.594, 0.876
17.910,-1.520,-41.333,-9.243, 8.594, 0.929
18.329,-1.121,-41.308,-9.243, 8.594, 0.930
18.737,-1.340,-41.323,-9.243, 8.594, 0.875
18.532,-1.931,-42.532,-9.020, 8.381, 0.768
18.313,-1.919,-42.566,-9.020, 8.381, 0.716
17.905,-1.520,-42.546,-9.020, 8.381, 0.930
17.705,-1.524,-42.559,-9.020, 8.381, 0.874
18.112,-1.532,-43.744,-8.798, 8.593, 0.980
18.754,-1.944,-42.494,-9.470, 8.817, 1.137
18.542,-2.114,-43.694,-8.798, 8.593, 1.137
18.743,-2.339,-43.784,-9.246, 8.605, 1.029
18.745,-2.318,-42.548,-9.020, 8.381, 1.029
18.740,-2.330,-43.730,-8.798, 8.593, 1.137
18.120,-2.157,-43.708,-9.246, 8.605, 1.032
18.540,-1.961,-42.514,-9.470, 8.817, 1.190
17.709,-23.514,113.455,-10.746,16.537,-0.817
-67.836,197.654,1444.564,-25.078,14.491,-19.144
-140.905,868.194,4187.100,-67.633,-86.505,10.676
28.469,382.281,5666.799,-147.946,-176.768,34.493
104.624,-348.681,5988.467,-232.419,-169.990, 7.923
98.059,216.261,6711.948,-288.818,-163.233,25.739
189.803,669.843,7237.952,-338.958,-136.733,60.531
236.045,457.029,7296.563,-436.695,-64.900,60.714
168.215,177.285,6656.244,-557.864,-37.561,59.109
167.363,-68.536,6001.449,-681.796,-22.887,52.298
206.429,-156.068,6242.890,-635.943,-32.534,49.500
281.821,77.174,6970.072,-498.949,-52.362,21.076
250.816,784.851,7218.828,-452.348,-69.136,-15.782
79.216,1436.028,6893.397,-445.445,-111.192, 9.266
-14.696,1435.710,6808.331,-495.875,-88.198,58.566
-41.778,1105.250,6644.100,-559.482,-52.205,92.739
-34.273,772.201,6252.398,-633.231,-34.346,107.245
-11.415,560.760,5884.092,-702.841,-25.257,107.554
-3.097,475.351,5655.360,-746.186,-18.933,106.214
 2.253,393.518,5514.724,-772.720,-12.483,108.325
31.920,291.540,5405.107,-793.146,-10.754,104.848
77.416,250.210,5317.196,-809.464,-15.200,92.092
105.046,257.593,5243.059,-822.647,-19.732,81.730
107.427,247.659,5159.280,-836.346,-19.044,80.423
108.493,192.748,5066.217,-852.532,-16.345,81.809
124.655,104.891,4926.243,-858.426,-24.754,77.912
143.723, 1.670,4765.593,-858.044,-40.035,68.712
145.163,-120.253,4600.014,-853.630,-58.352,56.189
119.736,-241.041,4429.580,-844.288,-80.144,39.212
72.694,-333.075,4265.256,-829.345,-104.391,18.870
30.540,-383.661,4089.205,-805.967,-121.912, 2.640
23.001,-380.705,3755.945,-752.278,-108.181,-0.847
32.794,-357.048,3386.037,-690.838,-87.446, 0.478
38.410,-350.203,3095.260,-642.014,-74.628, 0.613
39.756,-355.755,2924.932,-611.835,-64.409, 1.535
41.343,-362.252,2851.266,-595.437,-52.947, 3.774
33.289,-359.397,2828.742,-585.011,-44.728, 2.513
 7.405,-336.129,2833.841,-575.654,-41.466,-3.890
-13.110,-283.128,2847.393,-568.259,-44.815,-8.774
-8.978,-255.480,2848.500,-566.648,-52.317,-6.155
 1.359,-295.399,2878.797,-573.278,-59.134,-4.119
16.166,-336.348,2973.464,-587.440,-67.711,-4.203
42.561,-344.936,3106.337,-603.319,-82.772,-1.960
62.895,-342.004,3248.368,-617.845,-98.735, 1.072
73.625,-321.492,3402.253,-630.133,-113.494, 3.711
91.969,-288.034,3556.441,-642.871,-127.817, 6.203
116.290,-277.257,3697.646,-657.637,-141.000, 8.116
129.852,-289.465,3846.816,-677.554,-151.339, 8.542
132.142,-297.504,4013.612,-700.366,-160.193, 8.189
132.304,-301.180,4179.276,-723.409,-167.973, 7.223
127.880,-307.538,4292.879,-737.603,-166.812, 5.925
119.627,-308.842,4363.927,-742.943,-157.577, 4.596
115.197,-300.169,4450.496,-745.375,-147.784, 3.368
117.020,-285.822,4542.238,-745.120,-138.897, 0.165
119.455,-273.494,4624.454,-743.525,-131.708,-3.106
118.664,-266.818,4688.582,-740.812,-127.258,-4.340
117.889,-262.486,4742.996,-736.309,-124.942,-4.427
117.649,-254.129,4784.291,-727.996,-126.704,-3.811
115.755,-225.398,4818.468,-717.449,-130.181,-1.779
111.728,-167.984,4846.817,-707.132,-133.845, 2.241
107.491,-110.041,4870.375,-699.507,-136.171, 7.005
97.980,-76.614,4884.176,-694.142,-136.706,10.063
82.405,-74.702,4890.798,-689.695,-135.480, 8.901
66.401,-81.527,4852.670,-676.830,-127.457, 5.479
52.727,-82.335,4785.033,-657.075,-116.703, 2.823
41.900,-80.185,4716.311,-637.078,-109.151, 1.611
36.764,-75.573,4640.532,-617.087,-101.158, 1.629
36.776,-69.852,4570.702,-598.223,-91.236, 1.918
37.156,-59.004,4512.839,-581.140,-80.467, 1.596
39.133,-47.036,4457.288,-565.843,-69.671, 1.496
42.450,-42.671,4404.073,-552.770,-59.704, 1.572
45.440,-41.306,4362.685,-543.263,-49.709, 1.790
47.429,-37.545,4341.458,-536.640,-39.939, 2.071
44.305,-32.670,4332.017,-531.348,-30.180, 1.831
35.641,-23.286,4341.568,-526.932,-20.886, 0.499
25.507,-9.267,4361.738,-522.719,-13.539,-1.239
15.587, 2.410,4378.299,-517.377,-8.972,-3.042
 3.011, 8.328,4385.281,-511.136,-6.949,-5.185
-6.506,14.206,4388.735,-505.099,-7.697,-6.748
-7.608,21.180,4398.122,-500.167,-9.514,-6.665
-3.910,22.667,4413.600,-497.240,-11.104,-6.286
-0.820,24.110,4431.435,-495.651,-12.679,-6.173
 2.418,29.310,4449.355,-495.402,-13.811,-6.147
 5.742,27.708,4462.423,-495.615,-13.212,-5.626
 4.000,19.156,4469.381,-498.295,-11.069,-5.348
-1.807, 8.043,4476.226,-502.334,-6.337,-5.347
-9.384,-5.246,4485.485,-507.720, 0.117,-5.573
-19.637,-19.132,4493.639,-512.447, 7.638,-6.749
-28.894,-31.669,4500.667,-516.958,15.803,-8.554
-34.671,-42.501,4514.821,-522.815,25.260,-10.772
-38.743,-54.956,4538.568,-530.902,35.580,-12.788
-44.589,-72.800,4563.407,-541.452,47.425,-14.722
-53.079,-94.231,4590.575,-553.341,59.711,-17.040
-59.487,-118.494,4616.536,-566.350,73.075,-18.843
-65.674,-143.016,4640.014,-581.164,89.460,-19.695
-76.985,-161.881,4675.312,-598.218,108.412,-20.577
-95.260,-178.872,4722.443,-618.401,129.511,-22.137
-118.674,-195.447,4763.567,-639.271,152.141,-24.171
-145.537,-206.533,4751.089,-650.112,168.179,-26.022
-169.094,-208.059,4702.944,-652.473,177.812,-27.248
-182.438,-205.908,4660.855,-653.268,188.040,-27.344
-188.144,-209.018,4620.050,-653.824,196.754,-26.460
-187.871,-212.587,4592.485,-655.025,203.514,-25.205
-186.246,-207.937,4575.725,-656.413,207.029,-23.595
-187.146,-198.861,4567.342,-658.007,209.025,-22.704
-188.585,-199.771,4560.243,-660.703,209.533,-24.028
-188.989,-202.034,4562.762,-663.372,207.867,-25.570
-186.616,-197.389,4561.801,-665.815,205.982,-26.076
-179.123,-193.239,4545.622,-667.599,205.181,-25.684
-170.154,-195.290,4515.162,-668.065,206.526,-24.792
-168.361,-200.829,4475.095,-668.979,207.894,-24.077
-174.729,-210.468,4426.702,-671.016,209.092,-24.494
-185.524,-225.224,4384.047,-675.498,208.821,-24.940
-194.850,-241.604,4350.762,-681.751,206.852,-25.127
-198.004,-258.104,4324.618,-690.225,203.200,-24.254
-192.716,-272.905,4310.354,-699.574,197.826,-21.889
-181.537,-282.845,4303.164,-709.809,191.600,-18.864
-169.169,-289.005,4300.831,-719.590,184.924,-16.084
-159.125,-284.922,4306.704,-730.475,177.177,-12.202
-152.808,-256.806,4323.179,-740.667,167.461,-6.463
-148.487,-242.029,4329.125,-748.420,159.651,-3.799
-142.824,-301.639,4329.590,-755.510,152.906,-10.052
-123.029,-373.148,4360.200,-763.215,141.174,-17.895
-124.043,-367.835,4437.923,-772.622,122.498,-21.945
-154.575,-354.633,4570.613,-783.510,96.655,-27.871
-151.347,-356.699,4704.930,-792.380,70.553,-31.216
-111.394,-342.557,4758.133,-790.379,44.304,-31.189
-85.334,-321.501,4754.015,-775.923,16.760,-30.715
-83.843,-300.523,4736.153,-758.596,-6.746,-29.355
-75.249,-278.675,4691.060,-736.610,-28.334,-25.978
-47.428,-256.496,4636.767,-711.493,-52.080,-20.740
-15.617,-238.342,4593.027,-687.922,-77.748,-14.627
15.926,-232.111,4561.028,-666.120,-104.699,-8.886
48.773,-233.259,4529.032,-644.313,-132.924,-3.972
81.771,-229.385,4500.702,-620.930,-163.525, 0.016
112.879,-223.438,4474.722,-595.744,-196.297, 3.535
139.712,-217.584,4457.101,-568.995,-228.893, 5.356
160.867,-197.083,4455.127,-542.458,-261.318, 5.555
182.494,-163.255,4465.105,-517.251,-293.755, 5.714
208.046,-132.397,4470.382,-496.071,-325.260, 6.763
240.023,-109.460,4469.762,-476.939,-349.696, 8.623
277.040,-95.405,4473.873,-460.971,-364.314,11.713
297.042,-91.995,4485.999,-452.412,-371.785,13.584
295.362,-89.961,4494.370,-447.678,-375.968,12.798
294.599,-85.078,4488.801,-443.391,-381.813,10.761
302.165,-77.175,4471.738,-437.757,-390.211, 8.370
310.924,-68.315,4448.891,-431.447,-400.100, 5.189
318.625,-59.069,4422.457,-424.916,-410.617, 1.641
325.098,-49.611,4391.188,-418.835,-420.692,-1.009
329.383,-39.897,4366.810,-414.547,-429.047,-1.544
324.253,-42.264,4340.252,-411.834,-436.296, 2.352
315.595,-52.849,4327.622,-409.572,-440.594, 7.157
313.812,-55.024,4344.111,-406.867,-441.554, 7.936
314.795,-51.349,4364.357,-403.941,-441.883, 7.053
314.995,-51.276,4369.027,-401.694,-443.219, 7.104
314.823,-52.987,4366.572,-399.902,-444.519, 7.623
315.858,-52.338,4365.418,-397.884,-446.042, 8.152
319.458,-45.566,4365.389,-395.190,-448.225, 9.771
329.352,-31.826,4367.796,-390.696,-451.730,12.905
345.997,-18.233,4369.186,-386.429,-455.011,16.413
359.244,-13.608,4367.010,-382.393,-458.058,17.760
365.189,-14.239,4367.183,-378.809,-460.247,17.438
367.422,-13.170,4370.814,-374.995,-462.245,17.230
367.606,-13.049,4380.397,-371.401,-464.045,16.334
363.310,-15.047,4391.126,-368.030,-465.632,14.525
352.684, 7.991,4435.546,-363.770,-462.624, 9.711
315.941,74.152,4543.470,-354.623,-450.021, 3.028
299.896,39.969,4593.609,-342.177,-434.984, 8.939
325.887,-95.420,4562.496,-332.923,-418.404,23.793
309.002,-180.469,4602.946,-328.626,-386.982,30.457
254.461,-140.452,4757.175,-324.561,-342.808,27.289
241.859,-51.914,4918.638,-318.046,-297.613,24.382
252.234,-20.052,4996.690,-308.910,-253.509,24.598
220.170,-28.389,4989.485,-295.179,-206.026,23.434
149.916, 1.463,4942.095,-274.370,-153.833,17.304
74.811,52.360,4869.039,-250.476,-99.043, 8.636
 1.740,78.595,4761.152,-227.288,-43.499, 1.334
-69.336,90.375,4630.553,-205.680,11.502,-4.398
-133.238,103.229,4500.073,-185.407,65.670,-8.798
-185.995,115.891,4398.032,-169.564,117.698,-11.295
-218.706,121.166,4347.101,-159.235,165.605,-11.753
-237.294,119.315,4347.189,-155.750,208.136,-10.705
-248.028,116.402,4391.317,-157.775,245.706,-10.136
-259.102,109.098,4462.700,-165.323,277.943,-10.647
-271.764,94.813,4525.970,-175.301,305.746,-11.454
-282.289,84.783,4552.622,-183.732,330.861,-11.763
-291.378,83.628,4542.658,-188.378,353.239,-12.084
-300.931,82.774,4520.780,-188.983,371.308,-12.038
-315.781,79.125,4498.726,-186.454,387.623,-12.059
-335.967,75.646,4486.197,-181.665,401.306,-13.457
-355.537,69.774,4488.189,-176.399,412.373,-17.245
-371.478,74.557,4514.090,-170.629,418.649,-20.615
-385.908,87.150,4529.186,-164.167,421.297,-22.097
-398.698,92.810,4517.096,-157.943,422.533,-23.186
-405.318,91.711,4486.129,-152.170,422.545,-23.933
-403.531,91.889,4458.916,-147.495,421.057,-23.935
-396.265,98.321,4440.215,-143.490,420.201,-24.061
-388.405,106.737,4427.503,-140.592,419.126,-24.441
-386.123,121.657,4426.500,-139.901,415.488,-24.105
-382.319,158.604,4494.184,-140.858,401.396,-20.868
-378.465,196.213,4609.295,-140.839,382.425,-18.369
-393.502,177.597,4653.333,-145.855,371.458,-25.068
-385.866,76.960,4651.508,-156.925,357.531,-35.160
-361.233,30.932,4671.170,-167.908,335.389,-35.848
-342.980,45.899,4697.898,-176.179,310.598,-32.494
-329.797,42.207,4684.296,-184.049,287.206,-31.767
-310.241, 9.777,4635.203,-191.515,265.199,-31.963
-281.735,-15.014,4572.146,-197.193,241.914,-30.803
-248.532,-18.051,4519.915,-199.950,217.478,-28.320
-217.688,-10.063,4471.198,-202.034,193.654,-24.729
-189.635,-11.399,4426.991,-205.457,169.842,-21.552
-162.393,-28.650,4398.063,-211.765,144.971,-19.244
-137.941,-47.016,4394.042,-220.504,119.001,-17.579
-118.635,-59.451,4410.107,-230.776,91.076,-16.310
-97.034,-75.329,4438.033,-242.375,62.289,-15.373
-67.769,-96.290,4475.618,-255.293,31.360,-14.457
-37.727,-114.075,4516.705,-267.537,-0.223,-13.738
-11.284,-121.176,4560.089,-277.996,-31.412,-12.865
13.816,-118.063,4600.099,-285.116,-61.576,-12.527
38.811,-107.981,4629.508,-289.352,-90.260,-12.098
61.330,-94.842,4652.875,-292.042,-117.030,-11.078
82.442,-85.057,4673.712,-293.851,-142.520,-9.651
101.770,-81.620,4687.367,-295.221,-167.573,-8.520
119.897,-82.948,4696.214,-296.143,-193.472,-7.198
139.917,-88.472,4699.097,-296.397,-220.007,-5.686
165.006,-94.101,4687.757,-295.318,-246.951,-3.592
192.269,-92.427,4667.051,-292.918,-272.603,-1.147
213.917,-82.888,4641.695,-289.196,-296.127, 0.595
229.438,-71.477,4620.898,-286.382,-317.503, 2.288
242.735,-64.028,4605.914,-284.695,-336.526, 3.492
251.840,-62.124,4599.092,-284.585,-353.187, 4.084
255.705,-64.299,4601.661,-285.371,-368.154, 4.391
258.369,-68.237,4602.924,-285.945,-382.043, 4.847
264.314,-73.429,4604.101,-286.973,-394.647, 5.934
275.178,-77.480,4604.254,-286.446,-405.782, 7.448
287.162,-70.159,4606.986,-283.689,-415.685, 9.387
296.070,-45.645,4609.730,-279.152,-424.759,10.773
303.887,-15.341,4613.694,-274.404,-431.917,11.870
310.358, 7.570,4612.922,-270.124,-436.911,12.406
310.019,18.610,4611.826,-267.203,-438.889,12.771
303.000,23.160,4606.907,-265.417,-438.913,13.210
295.573,26.674,4598.440,-265.205,-438.251,13.385
289.442,24.097,4592.395,-267.671,-437.974,12.897
283.048,11.567,4594.593,-272.139,-438.322,11.937
276.650,-0.747,4599.087,-276.158,-438.684,11.029
271.009,-8.294,4597.671,-279.068,-438.410,10.992
266.977,-15.864,4582.004,-279.764,-436.852,11.379
264.586,-24.076,4555.695,-279.359,-434.212,12.238
261.632,-35.079,4531.696,-279.863,-429.420,13.243
250.970,-28.410,4537.619,-281.035,-422.339,10.680
227.868,11.909,4577.055,-282.198,-413.205, 4.096
205.789,33.899,4614.777,-284.922,-404.679, 0.285
203.914, 6.148,4622.334,-290.106,-398.814, 1.740
214.842,-31.595,4613.490,-295.295,-393.763, 4.686
219.912,-41.205,4601.459,-299.376,-387.654, 5.859
224.275,-42.473,4588.273,-302.806,-379.196, 7.020
239.694,-60.075,4580.944,-308.690,-369.658, 9.589
248.153,-76.960,4577.143,-314.796,-359.910,11.576
241.318,-85.005,4568.535,-319.562,-350.181,11.748
233.645,-93.236,4558.719,-323.651,-341.951,11.656
230.978,-109.717,4548.962,-329.511,-335.832,11.581
227.763,-133.183,4534.498,-335.809,-331.404,10.836
219.815,-154.347,4520.123,-341.651,-328.268, 9.466
212.168,-164.902,4511.680,-345.475,-325.399, 8.831
208.034,-160.098,4516.379,-347.712,-323.673, 9.488
207.314,-147.685,4532.926,-348.152,-322.015,11.082
208.913,-138.706,4549.483,-349.041,-319.920,12.552
209.103,-132.279,4568.280,-349.490,-316.557,13.583
208.873,-124.226,4588.278,-349.284,-311.281,14.628
207.569,-110.143,4611.954,-347.073,-304.553,15.647
204.369,-89.640,4638.072,-343.973,-296.993,16.217
200.371,-72.941,4660.541,-341.108,-287.924,16.718
194.223,-65.996,4678.156,-338.704,-277.547,16.750
182.801,-64.603,4692.152,-336.991,-264.794,15.483
162.319,-60.704,4701.387,-334.857,-248.617,12.853
134.456,-53.912,4705.814,-331.858,-229.018, 9.174
103.981,-50.316,4706.537,-330.010,-204.899, 5.638
73.959,-51.974,4703.598,-328.861,-177.120, 2.610
47.281,-55.713,4699.490,-329.296,-146.112, 0.313
22.057,-60.521,4692.958,-330.206,-110.818,-1.460
-7.435,-65.712,4687.440,-331.834,-68.880,-3.711
-44.235,-74.811,4684.237,-334.389,-21.803,-6.722
-83.485,-86.904,4676.286,-337.398,25.725,-10.539
-120.356,-93.857,4654.192,-339.502,69.856,-13.909
-149.726,-96.967,4621.550,-341.359,109.523,-15.832
-175.797,-103.499,4587.703,-343.427,146.849,-17.187
-206.733,-111.509,4563.284,-346.376,183.312,-19.505
-240.373,-115.870,4550.777,-350.639,217.198,-22.706
-273.697,-113.420,4552.416,-355.306,246.350,-25.767
-297.094,-97.920,4562.677,-360.139,268.422,-27.129
-305.870,-71.611,4581.608,-363.795,282.963,-26.580
-305.999,-52.191,4598.212,-367.864,291.963,-25.426
-301.944,-44.550,4604.085,-370.352,297.331,-23.959
-293.174,-39.984,4595.801,-371.497,300.158,-22.505
-281.548,-38.035,4577.018,-371.064,300.201,-20.905
-269.082,-40.320,4540.548,-369.072,298.351,-19.381
-258.945,-40.553,4500.561,-365.505,294.558,-18.637
-255.137,-41.808,4472.343,-361.919,289.870,-18.801
-256.116,-49.512,4469.977,-360.552,286.001,-19.790
-261.446,-63.671,4494.678,-362.532,285.308,-20.653
-272.455,-77.323,4542.939,-366.311,288.440,-22.147
-287.838,-84.135,4593.502,-368.326,294.537,-24.509
-302.946,-83.236,4616.915,-367.010,299.596,-26.891
-315.091,-78.422,4607.272,-362.576,302.132,-28.462
-321.353,-73.737,4575.175,-356.583,302.781,-28.815
-319.279,-67.215,4534.973,-350.349,300.235,-28.572
-307.205,-56.884,4491.452,-344.326,295.776,-27.199
-285.730,-44.101,4451.751,-338.507,289.379,-25.229
-261.163,-33.148,4418.025,-334.237,281.916,-22.732
-243.411,-33.860,4397.017,-332.872,276.386,-21.196
-236.757,-46.338,4386.350,-333.973,273.221,-20.832
-240.071,-62.846,4383.936,-336.194,271.549,-21.653
-249.543,-77.456,4387.354,-338.638,270.083,-23.045
-258.815,-89.841,4403.621,-342.180,267.108,-24.112
-273.163,-102.894,4438.784,-348.366,260.707,-25.978
-294.834,-118.357,4490.425,-355.398,248.723,-28.335
-299.984,-129.659,4538.704,-361.714,229.682,-28.183
-283.150,-132.060,4576.750,-364.639,203.558,-25.547
-261.099,-126.688,4611.290,-365.073,172.054,-22.084
-228.504,-113.932,4637.831,-364.368,136.494,-17.525
-176.133,-96.792,4656.572,-363.423,97.740,-11.933
-118.793,-87.920,4661.149,-362.473,56.886,-6.218
-69.597,-89.323,4646.668,-362.414,13.113,-1.504
-21.231,-92.736,4623.886,-363.452,-34.678, 2.988
30.169,-94.031,4606.052,-366.231,-88.441, 6.961
79.370,-102.883,4589.380,-371.436,-146.655, 9.787
119.840,-121.188,4569.065,-378.193,-207.183,11.137
149.602,-133.900,4546.353,-383.169,-267.303,11.399
173.060,-129.766,4541.420,-387.923,-325.126,10.893
191.531,-113.585,4562.723,-393.144,-376.605, 8.647
206.525,-98.678,4569.875,-392.223,-409.816, 5.442
222.608,-93.366,4553.203,-385.620,-424.711, 2.990
233.277,-90.268,4542.112,-381.524,-434.199, 0.948
236.588,-85.904,4518.898,-377.905,-441.914,-0.564
245.047,-86.688,4480.238,-374.962,-451.485,-0.725
276.807,-103.258,4426.174,-373.148,-461.203, 2.755
321.380,-126.660,4369.667,-373.140,-468.742, 7.949
348.650,-134.626,4340.404,-374.260,-471.844,10.459
362.019,-121.175,4344.516,-374.930,-471.207,10.372
378.226,-79.952,4382.046,-372.914,-467.710,10.525
387.755,-24.134,4437.068,-368.425,-464.520,11.267
376.063,-11.838,4464.590,-363.493,-464.251,15.862
355.515,-47.509,4468.623,-361.015,-465.819,24.984
346.512,-73.303,4496.073,-358.756,-465.099,29.400
346.741,-68.871,4544.701,-355.377,-462.531,28.043
346.707,-60.674,4585.137,-351.324,-461.869,26.919
345.323,-60.657,4610.022,-348.398,-461.362,27.129
340.826,-58.846,4633.620,-346.590,-461.042,26.395
329.494,-52.679,4640.804,-345.699,-460.215,23.617
315.876,-47.832,4629.156,-346.170,-459.301,19.406
308.282,-48.163,4611.495,-348.234,-456.392,16.126
309.578,-54.460,4594.975,-351.878,-451.106,14.303
311.716,-62.717,4585.422,-355.955,-446.274,13.315
312.043,-72.446,4579.469,-359.786,-442.550,12.689
312.854,-90.452,4580.575,-363.586,-441.005,12.343
316.339,-110.640,4579.453,-366.037,-440.766,11.776
318.842,-115.613,4577.254,-366.015,-442.919,11.699
314.812,-104.782,4570.259,-364.660,-445.493,11.376
303.323,-87.456,4564.422,-363.089,-447.425, 9.921
287.898,-64.275,4565.590,-361.523,-448.090, 8.385
276.627,-45.791,4565.491,-361.083,-447.661, 7.620
274.705,-37.425,4566.717,-361.761,-446.579, 7.924
273.050,-31.790,4573.697,-362.655,-445.307, 9.113
267.510,-27.459,4580.567,-363.099,-444.471, 9.977
265.326,-31.231,4580.362,-364.455,-442.730,10.698
270.636,-46.151,4573.081,-366.277,-440.089,11.530
277.292,-73.669,4558.469,-366.787,-434.451,12.463
280.289,-102.855,4526.067,-362.218,-421.804,13.012
274.399,-106.232,4497.561,-356.545,-406.833,11.195
248.794,-84.364,4486.885,-350.206,-389.568, 6.425
207.825,-60.075,4494.755,-346.995,-370.163, 0.604
172.375,-48.848,4513.184,-347.568,-351.364,-3.955
158.126,-45.779,4537.877,-350.577,-335.317,-6.852
165.389,-47.893,4549.828,-353.795,-322.862,-8.333
178.840,-54.482,4551.101,-356.789,-311.034,-8.145
187.228,-62.123,4560.467,-360.008,-297.311,-7.278
184.933,-63.140,4588.660,-363.677,-280.225,-6.804
170.266,-57.975,4614.276,-366.028,-259.740,-6.939
151.550,-56.983,4627.848,-367.968,-235.381,-7.044
130.445,-59.711,4640.147,-369.261,-207.399,-6.692
103.221,-63.153,4653.385,-370.809,-174.925,-6.349
71.489,-66.125,4661.843,-371.041,-139.465,-5.898
37.482,-66.663,4665.549,-369.515,-100.599,-6.120
 0.024,-70.546,4660.763,-366.898,-58.945,-6.361
-42.301,-80.550,4645.206,-364.078,-15.346,-6.792
-85.902,-91.376,4621.478,-360.598,28.904,-8.495
-128.523,-99.295,4591.922,-356.915,75.519,-11.028
-168.482,-107.068,4558.980,-352.567,122.771,-13.560
-203.365,-111.115,4528.589,-347.316,169.141,-15.967
-232.818,-105.098,4507.903,-343.383,213.368,-18.112
-259.402,-98.140,4499.180,-341.658,255.458,-20.090
-285.162,-91.725,4493.908,-340.568,293.057,-21.386
-304.846,-80.038,4493.472,-341.212,323.402,-21.332
-316.559,-67.021,4500.302,-342.690,346.043,-20.636
-329.214,-60.467,4521.230,-346.341,361.414,-19.761
-344.559,-53.298,4544.611,-351.300,372.520,-19.203
-361.194,-45.725,4555.049,-354.687,380.437,-19.912
-374.866,-50.764,4556.017,-357.616,384.965,-21.260
-376.365,-66.178,4550.137,-360.089,386.940,-22.653
-367.275,-76.170,4539.754,-361.204,385.915,-23.279
-358.124,-72.392,4534.240,-360.092,385.702,-24.156
-352.095,-62.157,4539.386,-359.202,386.531,-25.690
-346.620,-56.706,4551.567,-359.652,388.219,-27.193
-341.101,-53.834,4564.872,-361.214,389.702,-28.021
-333.505,-53.407,4581.674,-363.885,390.551,-28.226
-324.412,-58.340,4596.023,-366.547,390.120,-27.716
-315.189,-55.845,4605.605,-368.293,386.259,-25.907
-305.569,-35.742,4621.207,-367.984,376.995,-22.372
-297.968,-18.673,4642.655,-366.520,363.200,-18.747
-291.342,-29.894,4660.399,-366.156,346.231,-17.266
-295.118,-65.299,4679.249,-368.240,326.967,-19.499
-302.270,-91.515,4698.304,-369.865,305.559,-22.646
-295.387,-93.873,4699.950,-368.600,284.365,-23.820
-280.649,-87.063,4673.254,-364.687,264.491,-23.363
-264.972,-78.751,4624.179,-359.677,245.296,-22.846
-244.414,-66.956,4565.732,-353.788,226.973,-21.782
-221.559,-59.994,4506.056,-349.023,209.736,-20.472
-200.623,-62.170,4457.908,-346.487,192.934,-18.787
-179.173,-69.901,4432.294,-346.389,176.319,-17.018
-156.754,-85.362,4425.565,-348.499,157.983,-15.338
-132.602,-106.576,4434.206,-352.586,136.008,-13.633
-101.727,-124.064,4451.202,-356.851,108.243,-10.960
-63.961,-136.845,4474.289,-360.850,74.687,-7.627
-26.189,-150.533,4502.142,-363.473,35.972,-4.881
 7.177,-156.321,4532.402,-364.285,-6.198,-2.840
40.214,-150.941,4560.404,-363.750,-50.089,-0.588
77.256,-141.425,4578.958,-360.988,-93.993, 1.951
114.272,-128.339,4592.779,-358.239,-136.176, 5.457
148.833,-116.020,4604.103,-355.498,-177.499, 9.170
182.887,-111.477,4615.365,-354.106,-217.514,12.528
216.133,-108.354,4625.464,-352.952,-255.599,15.297
245.381,-98.436,4633.323,-351.372,-290.694,16.992
268.821,-80.516,4641.263,-349.822,-321.511,17.135
286.700,-55.565,4653.949,-348.760,-345.918,16.254
303.032,-39.014,4671.140,-349.958,-365.178,16.076
317.573,-41.779,4688.016,-352.531,-379.708,16.599
327.718,-53.083,4696.468,-355.805,-390.149,17.024
334.375,-61.736,4705.873,-358.872,-398.240,17.883
